 format  1  0
dim                                     
                   3
crystal_system                          
             'cubic'
N_cell_param                            
                   1
cell_param                              
    2.0568344450E+00
group_name                              
          'I m -3 m'
N_monomer                               
                   2
N_star                                  
                  60
  1.875000000000E+01  6.250000000000E+00       0   0   0     1
 -8.423061179717E+00  6.291313770849E+00       1   1   0    12
 -8.971765703114E-01  1.823880092240E+00       2   0   0     6
  1.686432676164E+00  7.978469888222E-01       2   1   1    24
  1.381126255189E+00 -4.464199957013E-01       2   2   0    12
  1.250916810942E+00 -1.062843042691E+00       3   1   0    24
  2.367565962413E-01 -7.325089132319E-01       2   2   2     8
 -3.718982381180E-01 -1.535645304997E+00       3   2   1    48
 -2.931435865809E-01 -3.640390907734E-01       4   0   0     6
 -7.010853801861E-01 -4.441642176160E-01       4   1   1    24
 -5.228316763032E-01 -3.306202054503E-01       3   3   0    12
 -6.487154533727E-01 -1.652703264386E-01       4   2   0    24
 -5.175230467030E-01  6.997659523655E-02       3   3   2    24
 -3.024006728255E-01  2.343243556944E-01       4   2   2    24
 -9.688438792137E-02  3.154068409254E-01       5   1   0    24
 -1.602889720460E-01  4.693526821717E-01       4   3   1    48
  2.348494106327E-01  4.877394121827E-01       5   2   1    48
  1.658759405532E-01  2.244018047671E-01       4   4   0    12
  2.640936327298E-01  2.471255384849E-01       5   3   0    24
  2.748231702733E-01  2.604835588569E-01       4   3   3    24
  1.185489645937E-01  7.744777257953E-02       6   0   0     6
  2.671111958647E-01  1.827292841343E-01       4   4   2    24
  2.141055676811E-01  8.954519705693E-02       6   1   1    24
  3.349999169963E-01  1.476129416221E-01       5   3   2    48
  1.744191448415E-01  2.879389591631E-02       6   2   0    24
  1.924251971684E-01 -3.113467361088E-02       5   4   1    48
  7.591747624056E-02 -6.765528566436E-02       6   2   2    24
  3.725725492493E-02 -1.391898848621E-01       6   3   1    48
 -9.448431613020E-03 -7.130721918409E-02       4   4   4     8
 -5.506335789815E-02 -1.394315020940E-01       7   1   0    24
 -3.551819156568E-02 -9.457944221996E-02       5   5   0    12
 -7.432689572183E-02 -1.903643952804E-01       5   4   3    48
 -7.720112403427E-02 -1.273968433904E-01       6   4   0    24
 -1.428531006187E-01 -1.764526835100E-01       7   2   1    48
 -9.460784139142E-02 -1.199607359435E-01       6   3   3    24
 -9.702622100662E-02 -1.286392653308E-01       5   5   2    24
 -1.458657487653E-01 -1.519178845602E-01       6   4   2    48
 -1.111094054694E-01 -8.941028735116E-02       7   3   0    24
 -1.346167639192E-01 -6.445398783785E-02       7   3   2    48
 -1.198776662729E-01 -6.996066783636E-02       6   5   1    48
 -8.839170392515E-02 -6.809421052329E-03       7   4   1    48
 -6.081785879713E-02 -1.001276023786E-02       5   5   4    24
 -4.051052964674E-02  8.327525585253E-03       6   4   4    24
 -3.213255281171E-02  2.909843553011E-02       6   5   3    48
 -2.613514557718E-03  2.444262986679E-02       6   6   0    12
  5.359906961237E-03  4.769421135793E-02       7   5   0    24
  4.911441909944E-03  6.485836723508E-02       7   4   3    48
  2.092548514774E-02  4.656891722846E-02       6   6   2    24
  4.028226790366E-02  7.818525775888E-02       7   5   2    48
  6.076194843848E-02  6.227248262266E-02       7   6   1    48
  3.932576798866E-02  3.827964756943E-02       6   5   5    24
  4.163780194697E-02  3.351124838372E-02       6   6   4    24
  5.853013823634E-02  4.143981197260E-02       7   5   4    48
  4.760263701852E-02  2.646989658398E-02       7   6   3    48
  1.090700119184E-02 -1.765668404898E-03       7   7   0    12
  5.416516619155E-03 -1.121428676703E-02       7   7   2    24
 -6.162154711986E-03 -1.296801460772E-02       6   6   6     8
 -1.179435860918E-02 -2.743169956773E-02       7   6   5    48
 -1.463649137585E-02 -1.834811657431E-02       7   7   4    24
 -6.910550642294E-03 -2.326144228104E-03       7   7   6    24
