 format  1  0
dim                                     
                   3
crystal_system                          
             'cubic'
N_cell_param                            
                   1
cell_param                              
    2.0568344450E+00
group_name                              
          'I m -3 m'
N_monomer                               
                   2
N_star                                  
                  60
  2.500000000000E-01  7.500000000000E-01       0   0   0     1
  2.942875025236E-01 -2.942875004814E-01       1   1   0    12
  5.442113613486E-02 -5.442112892728E-02       2   0   0     6
 -1.777170923198E-02  1.777171607971E-02       2   1   1    24
 -3.655092291755E-02  3.655092527823E-02       2   2   0    12
 -4.627519194284E-02  4.627519588708E-02       3   1   0    24
 -1.938531174018E-02  1.938530608319E-02       2   2   2     8
 -2.327494190666E-02  2.327493630225E-02       3   2   1    48
 -1.417910189920E-03  1.417911150781E-03       4   0   0     6
  5.138422476369E-03 -5.138421771813E-03       4   1   1    24
  3.844230157837E-03 -3.844226186264E-03       3   3   0    12
  9.668902067039E-03 -9.668904330234E-03       4   2   0    24
  1.174998824984E-02 -1.174999173281E-02       3   3   2    24
  1.073449842504E-02 -1.073449439579E-02       4   2   2    24
  8.245821935358E-03 -8.245823179302E-03       5   1   0    24
  1.259283226887E-02 -1.259283043668E-02       4   3   1    48
  5.057798524863E-03 -5.057802637585E-03       5   2   1    48
  1.170517854086E-03 -1.170518028929E-03       4   4   0    12
 -3.393621169163E-04  3.393590479791E-04       5   3   0    24
 -2.867929004344E-04  2.867903171651E-04       4   3   3    24
 -8.220241275644E-04  8.220225381604E-04       6   0   0     6
 -1.687638039160E-03  1.687638316817E-03       4   4   2    24
 -2.491207480893E-03  2.491206935129E-03       6   1   1    24
 -3.747738108463E-03  3.747739713862E-03       5   3   2    48
 -2.912505279156E-03  2.912504320168E-03       6   2   0    24
 -4.471196554042E-03  4.471197459646E-03       5   4   1    48
 -2.871453671224E-03  2.871457069167E-03       6   2   2    24
 -3.528942292471E-03  3.528942269411E-03       6   3   1    48
 -1.237175201693E-03  1.237174182013E-03       4   4   4     8
 -1.687361790231E-03  1.687364010510E-03       7   1   0    24
 -1.181224636986E-03  1.181226648828E-03       5   5   0    12
 -2.320748885663E-03  2.320749453073E-03       5   4   3    48
 -1.003914608209E-03  1.003914001974E-03       6   4   0    24
 -6.719908547310E-04  6.719925898785E-04       7   2   1    48
 -5.070566713929E-04  5.070593017838E-04       6   3   3    24
 -6.322611584166E-04  6.322596271745E-04       5   5   2    24
 -1.210425711981E-04  1.210419231723E-04       6   4   2    48
  4.339818744966E-04 -4.339816331055E-04       7   3   0    24
  1.403255940045E-03 -1.403256534431E-03       7   3   2    48
  9.983397687156E-04 -9.983393174339E-04       6   5   1    48
  1.631645028604E-03 -1.631645653139E-03       7   4   1    48
  1.016102252672E-03 -1.016100165250E-03       5   5   4    24
  9.767611139074E-04 -9.767599894867E-04       6   4   4    24
  1.224618652867E-03 -1.224620473595E-03       6   5   3    48
  5.411233887127E-04 -5.411225504358E-04       6   6   0    12
  8.466863077196E-04 -8.466860634282E-04       7   5   0    24
  1.198938040075E-03 -1.198938371449E-03       7   4   3    48
  5.128678294796E-04 -5.128685896251E-04       6   6   2    24
  7.580589431303E-04 -7.580596362118E-04       7   5   2    48
  3.021096574042E-05 -3.021088013532E-05       7   6   1    48
 -2.092202665562E-05  2.092258237524E-05       6   5   5    24
 -1.625312414841E-04  1.625303982849E-04       6   6   4    24
 -3.418067348418E-04  3.418060610649E-04       7   5   4    48
 -4.226552726010E-04  4.226547193786E-04       7   6   3    48
 -2.534532918008E-04  2.534531539058E-04       7   7   0    12
 -3.326159547976E-04  3.326161047158E-04       7   7   2    24
 -1.361170936680E-04  1.361171152768E-04       6   6   6     8
 -3.127467340016E-04  3.127464579240E-04       7   6   5    48
 -7.423239179663E-05  7.423265678256E-05       7   7   4    24
  9.168807472361E-05 -9.168808217971E-05       7   7   6    24
