 format  1  0
dim                                     
                   3
crystal_system                          
             'cubic'
N_cell_param                            
                   1
cell_param                              
    2.6797298084E+00
group_name                              
          'I m -3 m'
N_monomer                               
                   2
N_star                                  
                  60
  1.800000000000E+01  1.200000000000E+01       0   0   0     1
 -1.053272174836E+01  1.133435531315E+01       1   1   0    12
  1.038503425462E+00  6.575584297857E-01       2   0   0     6
  4.579314749382E+00 -3.837963618192E+00       2   1   1    24
  1.544633202750E+00 -3.141817139341E+00       2   2   0    12
 -1.796203629500E-01 -2.729341621042E+00       3   1   0    24
 -1.119181106623E+00 -5.756482371267E-01       2   2   2     8
 -3.053812894439E+00  3.425495728437E-01       3   2   1    48
 -9.008000784312E-01  6.356060398006E-01       4   0   0     6
 -7.110969913302E-01  1.510573112524E+00       4   1   1    24
 -6.109091928985E-01  1.063505773138E+00       3   3   0    12
  7.836251049747E-02  1.452031543048E+00       4   2   0    24
  7.314664925286E-01  1.224397441955E+00       3   3   2    24
  1.164520138766E+00  6.546737790248E-01       4   2   2    24
  1.079356419495E+00  1.620048737685E-01       5   1   0    24
  1.607590668788E+00  2.739167999935E-01       4   3   1    48
  8.367395089603E-01 -8.732672600473E-01       5   2   1    48
  2.380752688558E-01 -5.019758173033E-01       4   4   0    12
 -1.685224542627E-01 -7.060815774543E-01       5   3   0    24
 -1.291922845544E-01 -8.741275617506E-01       4   3   3    24
 -1.310660458690E-01 -3.931988200312E-01       6   0   0     6
 -3.612805026095E-01 -8.368436259272E-01       4   4   2    24
 -5.013282502544E-01 -6.765485188790E-01       6   1   1    24
 -8.754469227624E-01 -8.323838916963E-01       5   3   2    48
 -6.419959711108E-01 -4.052192717651E-01       6   2   0    24
 -8.847925352506E-01 -3.055265098550E-01       5   4   1    48
 -5.468044582210E-01 -6.133495313025E-03       6   2   2    24
 -6.317142195047E-01  3.137472987637E-01       6   3   1    48
 -1.338479813226E-01  1.843581299835E-01       4   4   4     8
 -1.347349352832E-01  6.135141256622E-01       7   1   0    24
 -7.158468975920E-03  2.707119856158E-01       5   5   0    12
 -7.290894089187E-02  6.533582195846E-01       5   4   3    48
  6.757909277970E-02  4.495731168060E-01       6   4   0    24
  3.971702450906E-01  7.694020670280E-01       7   2   1    48
  2.081283702435E-01  5.678854278742E-01       6   3   3    24
  2.357111654787E-01  4.077380541247E-01       5   5   2    24
  3.843343812260E-01  6.200895781525E-01       6   4   2    48
  5.237469626353E-01  3.450359424306E-01       7   3   0    24
  7.523605526992E-01  1.290736442340E-01       7   3   2    48
  4.801444184732E-01  2.211762134600E-01       6   5   1    48
  5.037063414768E-01 -1.949935140078E-01       7   4   1    48
  2.616797054783E-01 -5.693809479031E-02       5   5   4    24
  1.566397990910E-01 -1.163841857251E-01       6   4   4    24
  2.033864182985E-01 -2.795004121201E-01       6   5   3    48
  2.516021608659E-02 -8.627276928164E-02       6   6   0    12
 -6.010051472761E-02 -3.222316325265E-01       7   5   0    24
 -1.077560601420E-01 -5.229864362134E-01       7   4   3    48
 -1.077018096213E-01 -2.201322741575E-01       6   6   2    24
 -3.219030667246E-01 -3.973394383099E-01       7   5   2    48
 -3.731412113591E-01 -1.272299636880E-01       7   6   1    48
 -2.741368340681E-01 -1.484235196063E-01       6   5   5    24
 -1.639731819057E-01 -3.059547790432E-02       6   6   4    24
 -3.028821191193E-01  1.689711344810E-02       7   5   4    48
 -1.575874364382E-01  1.654647276976E-01       7   6   3    48
  1.281727925226E-02  1.086581416459E-01       7   7   0    12
  7.295640756374E-02  1.421887824530E-01       7   7   2    24
  1.038454443352E-01  4.811010063375E-02       6   6   6     8
  2.706999664180E-01  2.431359121871E-01       7   6   5    48
  1.295766595336E-01  5.646678526962E-02       7   7   4    24
 -5.996786810283E-02 -1.422408396230E-01       7   7   6    24
