 format  1  0
dim                                     
                   3
crystal_system                          
             'cubic'
N_cell_param                            
                   1
cell_param                              
    1.4220091663E+00
group_name                              
          'I m -3 m'
N_monomer                               
                   2
N_star                                  
                 570
  2.000000000000E-01  8.000000000000E-01       0   0   0     1
  2.706990537738E-01 -2.706990296574E-01       1   1   0    12
  6.778123383609E-02 -6.778128502332E-02       2   0   0     6
  1.692854800755E-02 -1.692855159574E-02       2   1   1    24
 -2.093606927815E-02  2.093608397675E-02       2   2   0    12
 -3.973988550029E-02  3.973991287062E-02       3   1   0    24
 -2.115931162020E-02  2.115931247651E-02       2   2   2     8
 -3.673102634105E-02  3.673103409856E-02       3   2   1    48
 -7.187691833643E-03  7.187685039552E-03       4   0   0     6
 -5.503928560379E-03  5.503908799029E-03       4   1   1    24
 -4.019170985739E-03  4.019152202816E-03       3   3   0    12
  1.231539188305E-03 -1.231547575016E-03       4   2   0    24
  5.821696928451E-03 -5.821693286431E-03       3   3   2    24
  8.085562337936E-03 -8.085577697801E-03       4   2   2    24
  8.447980498194E-03 -8.447972601556E-03       5   1   0    24
  1.242874802143E-02 -1.242874396134E-02       4   3   1    48
  9.919269345122E-03 -9.919244439585E-03       5   2   1    48
  3.988921099232E-03 -3.988912993824E-03       4   4   0    12
  3.903329451617E-03 -3.903325595525E-03       5   3   0    24
  4.000243887918E-03 -4.000244966891E-03       4   3   3    24
  1.074855558977E-03 -1.074848417657E-03       6   0   0     6
  2.367878276591E-03 -2.367874549145E-03       4   4   2    24
  8.155547129785E-04 -8.155548973981E-04       6   1   1    24
  1.285214343081E-03 -1.285203888386E-03       5   3   2    48
 -3.030604617971E-04  3.030506793067E-04       6   2   0    24
 -1.651600833355E-03  1.651593675655E-03       5   4   1    48
 -1.795970773156E-03  1.795958829452E-03       6   2   2    24
 -3.073015556938E-03  3.073001846688E-03       6   3   1    48
 -1.394127704000E-03  1.394132902737E-03       4   4   4     8
 -2.255609113544E-03  2.255595463995E-03       7   1   0    24
 -1.668426428335E-03  1.668426384482E-03       5   5   0    12
 -3.386962485688E-03  3.386961140274E-03       5   4   3    48
 -2.198572983619E-03  2.198574598969E-03       6   4   0    24
 -2.676578765745E-03  2.676580227194E-03       7   2   1    48
 -1.974599778355E-03  1.974596692670E-03       6   3   3    24
 -1.991695288860E-03  1.991694549050E-03       5   5   2    24
 -2.356835134871E-03  2.356839104972E-03       6   4   2    48
 -1.273963749236E-03  1.273971616662E-03       7   3   0    24
 -8.621115004215E-04  8.621191168010E-04       7   3   2    48
 -8.990835226809E-04  8.990905645470E-04       6   5   1    48
 -1.292533898014E-04  1.292592859742E-04       8   0   0     6
 -2.191284265119E-06  2.198684241758E-06       8   1   1    24
 -4.565054056503E-05  4.565457046972E-05       7   4   1    48
 -4.653661170968E-05  4.653580511275E-05       5   5   4    24
  2.164513340455E-04 -2.164470854188E-04       8   2   0    24
  1.958167477247E-04 -1.958153904518E-04       6   4   4    24
  5.493897774204E-04 -5.493872767779E-04       6   5   3    48
  5.305596042914E-04 -5.305593722441E-04       8   2   2    24
  3.739344293749E-04 -3.739370545478E-04       6   6   0    12
  8.842766448464E-04 -8.842806990808E-04       8   3   1    48
  6.294692540822E-04 -6.294716031887E-04       7   5   0    24
  8.986849102162E-04 -8.986842456752E-04       7   4   3    48
  6.967245816647E-04 -6.967256667676E-04       6   6   2    24
  1.016722857753E-03 -1.016726447297E-03       7   5   2    48
  6.979344813860E-04 -6.979392147418E-04       8   4   0    24
  6.411310335370E-04 -6.411371470493E-04       9   1   0    24
  6.693054871138E-04 -6.693073327844E-04       8   3   3    24
  8.727951671442E-04 -8.727991303153E-04       8   4   2    48
  7.439487761337E-04 -7.439551994813E-04       9   2   1    48
  7.913026601368E-04 -7.913039820298E-04       7   6   1    48
  5.749045743346E-04 -5.749032331329E-04       6   5   5    24
  4.934295839603E-04 -4.934293032582E-04       6   6   4    24
  3.719867109680E-04 -3.719866577688E-04       9   3   0    24
  5.527781762009E-04 -5.527778823040E-04       8   5   1    48
  5.726978196387E-04 -5.726970706206E-04       7   5   4    48
  2.957551778512E-04 -2.957536478521E-04       9   3   2    48
  3.253074076237E-04 -3.253067921228E-04       7   6   3    48
  1.432337793879E-04 -1.432339286601E-04       8   4   4    24
  8.306386803015E-05 -8.305964798023E-05       9   4   1    48
  9.559368101260E-05 -9.559177683958E-05       8   5   3    48
  4.890096665141E-05 -4.889918695774E-05       7   7   0    12
 -9.076796830029E-06  9.077991752152E-06      10   0   0     6
 -8.168263642208E-07  8.196169357252E-07       8   6   0    24
 -7.227659622199E-05  7.227962872043E-05      10   1   1    24
 -5.917197060860E-05  5.917380634629E-05       7   7   2    24
 -1.182168787396E-04  1.182200202342E-04      10   2   0    24
 -1.571694978295E-04  1.571725815337E-04       8   6   2    48
 -1.532922117195E-04  1.532943019130E-04       9   5   0    24
 -2.179736479129E-04  2.179761881577E-04       9   4   3    48
 -1.848690750023E-04  1.848710271652E-04      10   2   2    24
 -1.085289845039E-04  1.085288387460E-04       6   6   6     8
 -2.908380669475E-04  2.908384715742E-04      10   3   1    48
 -2.936278007844E-04  2.936294690789E-04       9   5   2    48
 -2.996123108249E-04  2.996139500025E-04       7   6   5    48
 -3.251449828975E-04  3.251444713216E-04       8   7   1    48
 -2.337265319752E-04  2.337268510800E-04       8   5   5    24
 -2.340389027913E-04  2.340393453720E-04       7   7   4    24
 -2.241436473300E-04  2.241411932514E-04      10   4   0    24
 -3.305477878195E-04  3.305490011301E-04       8   6   4    48
 -2.186232040026E-04  2.186218255096E-04      10   3   3    24
 -3.150872399393E-04  3.150844868678E-04       9   6   1    48
 -2.935528537120E-04  2.935499249943E-04      10   4   2    48
 -1.839054315530E-04  1.839026789510E-04      11   1   0    24
 -2.818624578472E-04  2.818623218525E-04       9   5   4    48
 -2.842990991150E-04  2.842989423121E-04       8   7   3    48
 -2.070775002253E-04  2.070771601782E-04      11   2   1    48
 -2.181873030148E-04  2.181872054355E-04      10   5   1    48
 -2.260573459865E-04  2.260573504562E-04       9   6   3    48
 -9.707729860436E-05  9.707724364536E-05       8   8   0    12
 -1.032742994375E-04  1.032739544461E-04      11   3   0    24
 -1.132007768302E-04  1.132006989503E-04       9   7   0    24
 -8.767832303218E-05  8.767846617814E-05      10   4   4    24
 -9.143319682840E-05  9.143318891385E-05       8   8   2    24
 -8.418133140366E-05  8.418101797075E-05      11   3   2    48
 -9.191692847827E-05  9.191699397728E-05      10   5   3    48
 -9.549577368717E-05  9.549573374849E-05       9   7   2    48
 -7.126740073939E-05  7.126749279913E-05       7   7   6    24
 -4.289405494926E-05  4.289403103879E-05      10   6   0    24
 -4.792970336607E-05  4.792984940447E-05       8   6   6    24
 -2.669375514820E-05  2.669341730601E-05      11   4   1    48
 -3.708969942890E-05  3.708988885051E-05       8   7   5    48
 -5.132255302627E-06  5.132196225758E-06      10   6   2    48
  1.725308472770E-05 -1.725299786288E-05       9   6   5    48
  1.652114479271E-05 -1.652117074475E-05      12   0   0     6
  2.773921951244E-05 -2.773919341924E-05       8   8   4    24
  4.477212267478E-05 -4.477240534186E-05      12   1   1    24
  4.298670686082E-05 -4.298685010578E-05      11   5   0    24
  6.097262269131E-05 -6.097271569817E-05      11   4   3    48
  5.851287073866E-05 -5.851282496467E-05       9   8   1    48
  5.882034466115E-05 -5.882033774704E-05       9   7   4    48
  5.454240848587E-05 -5.454280556927E-05      12   2   0    24
  8.785829494036E-05 -8.785844351595E-05      11   5   2    48
  8.734989070788E-05 -8.734988941043E-05      10   7   1    48
  6.235423544147E-05 -6.235426495417E-05      10   5   5    24
  6.828835669690E-05 -6.828874395578E-05      12   2   2    24
  9.785079798329E-05 -9.785085337783E-05      10   6   4    48
  1.023079584040E-04 -1.023084735727E-04      12   3   1    48
  1.047496474695E-04 -1.047496527593E-04       9   8   3    48
  1.086130919927E-04 -1.086131643029E-04      11   6   1    48
  1.103803975988E-04 -1.103804130630E-04      10   7   3    48
  7.465317612264E-05 -7.465340297126E-05      12   4   0    24
  7.273992520639E-05 -7.274005427643E-05      12   3   3    24
  1.059748018804E-04 -1.059748167637E-04      11   5   4    48
  5.338784170635E-05 -5.338781244551E-05       9   9   0    12
  7.808654360053E-05 -7.808651348648E-05       8   7   7    24
  9.833367543750E-05 -9.833382623970E-05      12   4   2    48
  7.218926520874E-05 -7.218921217910E-05      10   8   0    24
  7.485413703496E-05 -7.485411574414E-05       8   8   6    24
  9.557517148742E-05 -9.557516309458E-05      11   6   3    48
  6.870600659731E-05 -6.870595847402E-05       9   9   2    24
  9.962878123982E-05 -9.962874844794E-05       9   7   6    48
  8.968509962054E-05 -8.968502075961E-05      10   8   2    48
  5.190835317125E-05 -5.190829657545E-05      13   1   0    24
  7.749427275245E-05 -7.749433379003E-05      12   5   1    48
  5.657207579656E-05 -5.657204538512E-05      11   7   0    24
  8.391589395875E-05 -8.391587006715E-05       9   8   5    48
  5.257897014191E-05 -5.257893710584E-05      10   6   6    24
  5.618055737731E-05 -5.618056279921E-05      13   2   1    48
  6.241485009421E-05 -6.241476552624E-05      11   7   2    48
  6.482057001090E-05 -6.482051525312E-05      10   7   5    48
  3.596796813454E-05 -3.596790940140E-05      12   4   4    24
  2.692158779975E-05 -2.692155724404E-05      13   3   0    24
  4.144595455640E-05 -4.144585697690E-05      12   5   3    48
  3.210206354093E-05 -3.210201165848E-05       9   9   4    24
  2.262013296605E-05 -2.262011061820E-05      12   6   0    24
  3.534584755489E-05 -3.534574889791E-05      10   8   4    48
  2.042870434485E-05 -2.042859870494E-05      13   3   2    48
  2.509394330696E-05 -2.509382669756E-05      11   6   5    48
  2.521629423876E-05 -2.521621290716E-05      10   9   1    48
  1.439034870151E-05 -1.439023383018E-05      12   6   2    48
  4.231853410910E-06 -4.231702210806E-06      13   4   1    48
  7.315090224802E-06 -7.314988636727E-06      11   8   1    48
  7.579643248344E-06 -7.579493992627E-06      11   7   4    48
 -7.215076020781E-06  7.215204691054E-06      10   9   3    48
 -5.481231087021E-06  5.481342951012E-06       8   8   8     8
 -1.484488164845E-05  1.484500241403E-05      13   5   0    24
 -2.102845707056E-05  2.102866903565E-05      13   4   3    48
 -2.019657607476E-05  2.019668420779E-05      12   7   1    48
 -1.433861995433E-05  1.433874896651E-05      12   5   5    24
 -1.979239341773E-05  1.979255549118E-05      11   8   3    48
 -1.949792407396E-05  1.949815646056E-05       9   8   7    48
 -9.268048559447E-06  9.268161237683E-06      14   0   0     6
 -2.509460541868E-05  2.509479624283E-05      12   6   4    48
 -2.100495376688E-05  2.100516962153E-05      14   1   1    24
 -2.938064615802E-05  2.938085419797E-05      13   5   2    48
 -2.060115934521E-05  2.060129998852E-05      10   7   7    24
 -2.056853515800E-05  2.056866952899E-05       9   9   6    24
 -2.297854408016E-05  2.297875793626E-05      14   2   0    24
 -1.608271130548E-05  1.608274539487E-05      10  10   0    12
 -3.266237451544E-05  3.266256394197E-05      10   8   6    48
 -3.493846908177E-05  3.493865497179E-05      12   7   3    48
 -2.460031153571E-05  2.460037219635E-05      11   9   0    24
 -2.550291589373E-05  2.550311975481E-05      14   2   2    24
 -2.604234426164E-05  2.604242065375E-05      10  10   2    24
 -3.689206646838E-05  3.689235599818E-05      14   3   1    48
 -3.747079919526E-05  3.747097250706E-05      13   6   1    48
 -3.799185995258E-05  3.799198517459E-05      11   9   2    48
 -3.855971007217E-05  3.855990661345E-05      11   7   6    48
 -3.859902458189E-05  3.859920456227E-05      10   9   5    48
 -2.701247907181E-05  2.701255861247E-05      12   8   0    24
 -3.787509139007E-05  3.787530606759E-05      13   5   4    48
 -3.902756082230E-05  3.902775476961E-05      11   8   5    48
 -2.549351177858E-05  2.549370027572E-05      14   4   0    24
 -3.758831676915E-05  3.758846795805E-05      12   8   2    48
 -2.465562734903E-05  2.465580526384E-05      14   3   3    24
 -3.597888906039E-05  3.597909308968E-05      13   6   3    48
 -3.324644166814E-05  3.324668691641E-05      14   4   2    48
 -2.502038106527E-05  2.502052276488E-05      12   6   6    24
 -2.528335841918E-05  2.528347609955E-05      10  10   4    24
 -2.286110190701E-05  2.286121201700E-05      13   7   0    24
 -3.342082121114E-05  3.342101808002E-05      12   7   5    48
 -3.371560317797E-05  3.371577672213E-05      11   9   4    48
 -2.660300732537E-05  2.660321991774E-05      14   5   1    48
 -2.771554655359E-05  2.771571952445E-05      13   7   2    48
 -2.851924741142E-05  2.851936987672E-05      11  10   1    48
 -2.588742701237E-05  2.588760347975E-05      12   8   4    48
 -1.409508984373E-05  1.409521128547E-05      15   1   0    24
 -2.273099141841E-05  2.273113002219E-05      12   9   1    48
 -1.716505335384E-05  1.716517685664E-05       9   9   8    24
 -1.304540973866E-05  1.304553740577E-05      14   4   4    24
 -1.496679407833E-05  1.496691149916E-05      10   8   8    24
 -1.432162320850E-05  1.432178160383E-05      15   2   1    48
 -1.556226371936E-05  1.556243661518E-05      14   5   3    48
 -1.660554739069E-05  1.660571632370E-05      13   6   5    48
 -1.726986595040E-05  1.727000803661E-05      11  10   3    48
 -1.802932848417E-05  1.802949068238E-05      10   9   7    48
 -8.939102438527E-06  8.939219133674E-06      14   6   0    24
 -6.196958515652E-06  6.197055858040E-06      15   3   0    24
 -1.056318232503E-05  1.056332967902E-05      13   8   1    48
 -1.070002809124E-05  1.070018021388E-05      13   7   4    48
 -1.107088862846E-05  1.107103043998E-05      12   9   3    48
 -1.174457734387E-05  1.174473045769E-05      11   8   7    48
 -7.088400283136E-06  7.088546534463E-06      14   6   2    48
 -6.219937524176E-06  6.220043494216E-06      10  10   6    24
 -3.528249058151E-06  3.528357791059E-06      15   3   2    48
 -5.865351732267E-06  5.865496039265E-06      11   9   6    48
  1.188100950245E-06 -1.188016654537E-06      15   4   1    48
 -2.612508386149E-08  2.624437939849E-08      13   8   3    48
 -2.910814606397E-07  2.911729094944E-07      12   7   7    24
 -1.492185517170E-07  1.492864518222E-07      11  11   0    12
  1.482033448120E-06 -1.481940482814E-06      12  10   0    24
  1.957649646787E-06 -1.957528295128E-06      12   8   6    48
  4.663711239039E-06 -4.663605784203E-06      14   7   1    48
  3.296158935232E-06 -3.296098775937E-06      14   5   5    24
  2.915800131745E-06 -2.915717047988E-06      11  11   2    24
  4.035142270052E-06 -4.035027709678E-06      11  10   5    48
  6.491318752805E-06 -6.491243312738E-06      14   6   4    48
  6.116090186725E-06 -6.115980080011E-06      12  10   2    48
  6.015912078722E-06 -6.015886350517E-06      15   5   0    24
  8.516716680969E-06 -8.516688450528E-06      15   4   3    48
  5.595391710095E-06 -5.595315315330E-06      13   9   0    24
  7.838243902097E-06 -7.838149729540E-06      12   9   5    48
  1.098688383855E-05 -1.098687590888E-05      15   5   2    48
  1.073403390629E-05 -1.073398603162E-05      14   7   3    48
  1.064483605569E-05 -1.064475763215E-05      13   9   2    48
  1.072215427863E-05 -1.072209010045E-05      13   7   6    48
  4.189206346299E-06 -4.189222356336E-06      16   0   0     6
  8.839620639628E-06 -8.839659028839E-06      16   1   1    24
  1.262292570029E-05 -1.262288324972E-05      13   8   5    48
  8.898606093981E-06 -8.898560940345E-06      11  11   4    24
  9.170905510283E-06 -9.170951155837E-06      16   2   0    24
  9.246444951152E-06 -9.246416557417E-06      14   8   0    24
  1.326103535546E-05 -1.326098473146E-05      12  10   4    48
  1.354450918025E-05 -1.354453790912E-05      15   6   1    48
  9.894750683845E-06 -9.894746223394E-06      10   9   9    24
  9.468848334953E-06 -9.468908472371E-06      16   2   2    24
  1.372879277837E-05 -1.372878786022E-05      14   8   2    48
  1.009819596007E-05 -1.009819178135E-05      10  10   8    24
  1.335995801134E-05 -1.336005394812E-05      16   3   1    48
  1.378656190335E-05 -1.378662533804E-05      15   5   4    48
  1.401887077491E-05 -1.401886499019E-05      13   9   4    48
  1.392633258049E-05 -1.392628153312E-05      12  11   1    48
  1.436710545214E-05 -1.436710271489E-05      11   9   8    48
  9.755928619635E-06 -9.755953043505E-06      14   6   6    24
  1.336181466615E-05 -1.336189388531E-05      15   6   3    48
  1.353645291188E-05 -1.353649769713E-05      14   7   5    48
  1.356560492635E-05 -1.356559030271E-05      13  10   1    48
  1.405638990851E-05 -1.405639667301E-05      11  10   7    48
  8.802338933146E-06 -8.802426635136E-06      16   4   0    24
  9.651795286012E-06 -9.651807472802E-06      12   8   8    24
  8.431457063688E-06 -8.431549913668E-06      16   3   3    24
  8.764782514926E-06 -8.764840349755E-06      15   7   0    24
  1.283757947193E-05 -1.283758331871E-05      12  11   3    48
  1.314050984492E-05 -1.314053441475E-05      12   9   7    48
  1.129284437659E-05 -1.129298365150E-05      16   4   2    48
  1.200925368790E-05 -1.200932463136E-05      14   8   4    48
  1.108881075798E-05 -1.108891780228E-05      15   7   2    48
  1.120588263861E-05 -1.120594086453E-05      14   9   1    48
  1.147712094965E-05 -1.147716057996E-05      13  10   3    48
  8.350479351174E-06 -8.350504662180E-06      11  11   6    24
  1.099485361372E-05 -1.099490123949E-05      12  10   6    48
  8.972451240982E-06 -8.972608651235E-06      16   5   1    48
  1.006546261329E-05 -1.006553358467E-05      13   8   7    48
  7.715793501232E-06 -7.715937317184E-06      15   6   5    48
  7.841916097807E-06 -7.842022276351E-06      14   9   3    48
  8.194820504668E-06 -8.194907444750E-06      13   9   6    48
  4.450786456450E-06 -4.450907799694E-06      16   4   4    24
  3.511963108466E-06 -3.511992582801E-06      12  12   0    12
  3.855581247426E-06 -3.855658473498E-06      17   1   0    24
  5.362995759338E-06 -5.363170930325E-06      16   5   3    48
  5.752121948817E-06 -5.752268171559E-06      15   8   1    48
  5.802654487832E-06 -5.802809091422E-06      15   7   4    48
  4.268359372634E-06 -4.268415920947E-06      13  11   0    24
  6.260151859829E-06 -6.260235981995E-06      12  11   5    48
  3.128505226152E-06 -3.128629841713E-06      16   6   0    24
  3.618757008666E-06 -3.618814276960E-06      12  12   2    24
  3.423108888777E-06 -3.423227818843E-06      17   2   1    48
  2.907384421082E-06 -2.907483750951E-06      14   7   7    24
  4.139407090658E-06 -4.139507499785E-06      13  11   2    48
  4.255206220467E-06 -4.255319358233E-06      13  10   5    48
  2.625564857409E-06 -2.625747033886E-06      16   6   2    48
  2.157417658733E-06 -2.157512902534E-06      14  10   0    24
  3.159861018963E-06 -3.160008252510E-06      14   8   6    48
  1.060695229599E-06 -1.060784908785E-06      17   3   0    24
  2.061901953029E-06 -2.062074510302E-06      15   8   3    48
  1.293881384729E-06 -1.294031739090E-06      14  10   2    48
  6.866249995246E-07 -6.866717102254E-07      10  10  10     8
 -2.559046534727E-07  2.557738997551E-07      17   3   2    48
  5.064683612109E-07 -5.066318615432E-07      14   9   5    48
  7.812031966084E-07 -7.813240366922E-07      11  10   9    48
 -1.419370042892E-07  1.418421779295E-07      12  12   4    24
 -1.800912199036E-06  1.800777599076E-06      17   4   1    48
 -1.290899787155E-06  1.290711870973E-06      16   7   1    48
 -9.107016439133E-07  9.105702992852E-07      16   5   5    24
 -8.011289027073E-07  8.009955156765E-07      15   9   0    24
 -9.504649649749E-07  9.503161244397E-07      13  11   4    48
 -6.096116259950E-07  6.095141653922E-07      12   9   9    24
 -5.995534395669E-07  5.994590040772E-07      11  11   8    24
 -1.927264340828E-06  1.927078413680E-06      16   6   4    48
 -1.582520697991E-06  1.582377060221E-06      12  10   8    48
 -2.408169999942E-06  2.407974697553E-06      15   9   2    48
 -2.404632327405E-06  2.404440016963E-06      15   7   6    48
 -2.903920605918E-06  2.903734974497E-06      14  10   4    48
 -2.930103175938E-06  2.930007415604E-06      17   5   0    24
 -4.146973435280E-06  4.146839776656E-06      17   4   3    48
 -3.494471456466E-06  3.494285602310E-06      16   7   3    48
 -3.456769263821E-06  3.456570527160E-06      15   8   5    48
 -3.358103733185E-06  3.357923469222E-06      13  12   1    48
 -3.367889107415E-06  3.367715103433E-06      13   9   8    48
 -3.369583684491E-06  3.369420532410E-06      12  11   7    48
 -4.921547299650E-06  4.921414676041E-06      17   5   2    48
 -4.193174788772E-06  4.192970922547E-06      14  11   1    48
 -4.218484556716E-06  4.218299911035E-06      13  10   7    48
 -3.189121261215E-06  3.188987531958E-06      16   8   0    24
 -4.805269705706E-06  4.805060432030E-06      15   9   4    48
 -4.757119146827E-06  4.756915876355E-06      13  12   3    48
 -4.903223912278E-06  4.903038710236E-06      16   8   2    48
 -3.549662489845E-06  3.549511666455E-06      14   8   8    24
 -3.555320821509E-06  3.555180345133E-06      12  12   6    24
 -5.698951519114E-06  5.698824849080E-06      17   6   1    48
 -5.083775634699E-06  5.083555681283E-06      15  10   1    48
 -5.084344036807E-06  5.084124309898E-06      14  11   3    48
 -5.156207718616E-06  5.155990445898E-06      14   9   7    48
 -5.149813938827E-06  5.149606014817E-06      13  11   6    48
 -3.607378552865E-06  3.607254320162E-06      16   6   6    24
 -5.751171137208E-06  5.751051595666E-06      17   5   4    48
 -5.108186469425E-06  5.108010916579E-06      16   7   5    48
 -5.232162677912E-06  5.231933677569E-06      14  10   6    48
 -5.585762448895E-06  5.585647185087E-06      17   6   3    48
 -5.101023153898E-06  5.100798415872E-06      15  10   3    48
 -4.861092625404E-06  4.860916889548E-06      16   8   4    48
 -3.705147525951E-06  3.705067169669E-06      17   7   0    24
 -4.673489444606E-06  4.673305764506E-06      16   9   1    48
 -4.902153109170E-06  4.901928085955E-06      15   8   7    48
 -2.399209923354E-06  2.399078352314E-06      13  13   0    12
 -4.905483473368E-06  4.905236994070E-06      13  12   5    48
 -3.257814245001E-06  3.257628240521E-06      14  12   0    24
 -4.773371034139E-06  4.773264172304E-06      17   7   2    48
 -4.493710442918E-06  4.493480570654E-06      15   9   6    48
 -4.473041491120E-06  4.472790421566E-06      14  11   5    48
 -3.123103411537E-06  3.122912540252E-06      13  13   2    24
 -3.288076806474E-06  3.287915002699E-06      11  11  10    24
 -4.162666845195E-06  4.162398845724E-06      14  12   2    48
 -3.112889947004E-06  3.112721022274E-06      12  10  10    24
 -3.772606122595E-06  3.772428839233E-06      16   9   3    48
 -2.752303233405E-06  2.752128779294E-06      15  11   0    24
 -4.124324193130E-06  4.124077200583E-06      12  11   9    48
 -3.556065755524E-06  3.555972059099E-06      17   6   5    48
 -3.321290297630E-06  3.321042381158E-06      15  11   2    48
 -3.378479203520E-06  3.378240302000E-06      15  10   5    48
 -3.503776294024E-06  3.503516081261E-06      13  10   9    48
 -2.256774073454E-06  2.256584737777E-06      12  12   8    24
 -2.833538316976E-06  2.833442650806E-06      17   8   1    48
 -2.850735821939E-06  2.850645413347E-06      17   7   4    48
 -1.838167987622E-06  1.838046624674E-06      16   7   7    24
 -1.934004601442E-06  1.933800044746E-06      13  13   4    24
 -2.845116475555E-06  2.844846062671E-06      13  11   8    48
 -1.574736879657E-06  1.574607323365E-06      16  10   0    24
 -2.275651294710E-06  2.275478433584E-06      16   8   6    48
 -2.385330469797E-06  2.385048001342E-06      14  12   4    48
 -1.511125971053E-06  1.510935124946E-06      14   9   9    24
 -1.595095671851E-06  1.594914413249E-06      16  10   2    48
 -1.800241107640E-06  1.799969495339E-06      14  10   8    48
 -1.418505130380E-06  1.418419260159E-06      17   8   3    48
 -1.307644479056E-06  1.307468684047E-06      16   9   5    48
 -1.414827856277E-06  1.414574868786E-06      15  11   4    48
 -1.495826820218E-06  1.495538876173E-06      13  12   7    48
 -7.561583486975E-07  7.558590422518E-07      14  13   1    48
 -8.201343506193E-07  8.198567098599E-07      14  11   7    48
 -7.359722117971E-08  7.353745313162E-08      17   9   0    24
 -1.950182753566E-07  1.947508305655E-07      15  12   1    48
 -2.375701354367E-07  2.373223541643E-07      15   9   8    48
  1.456699037869E-07 -1.458495476540E-07      16  10   4    48
  4.597265565518E-07 -4.598081272380E-07      17   9   2    48
  4.529627874601E-07 -4.530399113429E-07      17   7   6    48
  3.001289741648E-07 -3.003756989882E-07      15  10   7    48
  3.379331806297E-07 -3.382274216963E-07      14  13   3    48
  2.106223724426E-07 -2.108311902626E-07      13  13   6    24
  5.671044914799E-07 -5.673870931199E-07      14  12   6    48
  9.503543457722E-07 -9.504317173294E-07      17   8   5    48
  8.435766073183E-07 -8.437638765090E-07      16  11   1    48
  7.842994622796E-07 -7.845604073227E-07      15  12   3    48
  1.172655579572E-06 -1.172899579891E-06      15  11   6    48
  9.708709853586E-07 -9.709945976462E-07      16   8   8    24
  1.698223033680E-06 -1.698300736528E-06      17   9   4    48
  1.508858891378E-06 -1.509041465683E-06      16  11   3    48
  1.512022221509E-06 -1.512196313254E-06      16   9   7    48
  1.058180885135E-06 -1.058374118211E-06      12  11  11    24
  1.150299064223E-06 -1.150491069405E-06      12  12  10    24
  1.937783294627E-06 -1.937862504929E-06      17  10   1    48
  1.730678209233E-06 -1.730938651172E-06      14  13   5    48
  1.736142609935E-06 -1.736404214176E-06      13  11  10    48
  1.817675838596E-06 -1.817846776309E-06      16  10   6    48
  8.994210924081E-07 -8.995448844552E-07      14  14   0    12
  1.303987455256E-06 -1.304153006499E-06      15  13   0    24
  1.885561000538E-06 -1.885789903426E-06      15  12   5    48
  1.901528662758E-06 -1.901782827306E-06      13  12   9    48
  1.355728184455E-06 -1.355893248902E-06      14  14   2    24
  1.392171892050E-06 -1.392334882425E-06      14  10  10    24
  2.190524594306E-06 -2.190602555564E-06      17  10   3    48
  1.932204172093E-06 -1.932425484222E-06      15  13   2    48
  2.004948479495E-06 -2.005173899650E-06      14  11   9    48
  1.369881360795E-06 -1.370006434932E-06      16  12   0    24
  2.221853144693E-06 -2.221928233176E-06      17   8   7    48
  1.967585192561E-06 -1.967747666486E-06      16  11   5    48
  1.420733845659E-06 -1.420890297601E-06      13  13   8    24
  1.920506868174E-06 -1.920675867154E-06      16  12   2    48
  2.011414398160E-06 -2.011618267197E-06      14  12   8    48
  2.169000184773E-06 -2.169075333128E-06      17   9   6    48
  1.977632329213E-06 -1.977811557396E-06      15  10   9    48
  1.336241151525E-06 -1.336366767257E-06      14  14   4    24
  1.435182970473E-06 -1.435239127729E-06      17  11   0    24
  1.832434049011E-06 -1.832604936500E-06      15  13   4    48
  1.884851923181E-06 -1.885016082081E-06      15  11   8    48
  1.879760581136E-06 -1.879838289765E-06      17  11   2    48
  1.902770641969E-06 -1.902844101830E-06      17  10   5    48
  1.738395050805E-06 -1.738544517271E-06      14  13   7    48
  1.579185560197E-06 -1.579322440122E-06      16  12   4    48
  1.075629219986E-06 -1.075714648318E-06      16   9   9    24
  1.574070888931E-06 -1.574199354014E-06      15  12   7    48
  1.421591790038E-06 -1.421706340773E-06      16  10   8    48
  1.308262356565E-06 -1.308358670622E-06      15  14   1    48
  1.240438027972E-06 -1.240506784637E-06      17  11   4    48
  1.044314263002E-06 -1.044417165005E-06      16  13   1    48
  1.099142388156E-06 -1.099238141859E-06      16  11   7    48
  7.148031527540E-07 -7.148416116360E-07      14  14   6    24
  8.748623665873E-07 -8.749120488518E-07      15  14   3    48
  9.096681840652E-07 -9.097263687667E-07      15  13   6    48
  3.431514003079E-07 -3.431705054265E-07      12  12  12     8
  7.222072444389E-07 -7.222740584053E-07      17  12   1    48
  7.559065236882E-07 -7.559629791554E-07      17   9   8    48
  6.024526565695E-07 -6.025219206016E-07      16  13   3    48
  7.109825592720E-07 -7.110119006384E-07      13  12  11    48
  5.238833913749E-07 -5.239434383464E-07      16  12   6    48
  5.056570733528E-07 -5.057083674079E-07      17  10   7    48
  3.308491121112E-07 -3.308467757737E-07      14  11  11    24
  3.337264211324E-07 -3.337264356784E-07      13  13  10    24
  3.581443046630E-07 -3.581293257322E-07      14  12  10    48
  2.448558469644E-07 -2.449100561143E-07      17  12   3    48
  4.001941817030E-08 -4.006047395023E-08      17  11   6    48
  1.820512691333E-08 -1.815730701839E-08      15  14   5    48
  5.173789689951E-08 -5.170191414927E-08      15  11  10    48
  4.260021622486E-08 -4.254534935842E-08      14  13   9    48
 -1.925103879300E-07  1.925147063463E-07      16  13   5    48
 -6.265264659395E-08  6.268386096016E-08      15  15   0    12
 -1.274318736175E-07  1.274886991479E-07      15  12   9    48
 -1.841485449784E-07  1.841654163197E-07      16  14   0    24
 -2.019585699444E-07  2.020175159165E-07      15  15   2    24
 -4.046200396250E-07  4.046618195728E-07      16  14   2    48
 -2.869498925063E-07  2.869701919565E-07      16  10  10    24
 -2.764919160887E-07  2.765759199348E-07      14  14   8    24
 -3.476436420380E-07  3.476268070874E-07      17  13   0    24
 -5.012111084762E-07  5.011884239165E-07      17  12   5    48
 -4.667528838419E-07  4.667892631609E-07      16  11   9    48
 -4.358522304328E-07  4.359561235813E-07      15  13   8    48
 -6.164431466713E-07  6.164284477695E-07      17  13   2    48
 -6.186395960107E-07  6.187000355806E-07      16  12   8    48
 -4.453803110998E-07  4.454794964148E-07      15  15   4    24
 -6.950629265988E-07  6.951545915711E-07      16  14   4    48
 -7.962058645935E-07  7.962098082433E-07      17  10   9    48
 -7.253903477144E-07  7.255571161083E-07      15  14   7    48
 -8.328297247078E-07  8.328423791752E-07      17  13   4    48
 -8.391965969096E-07  8.392087439528E-07      17  11   8    48
 -7.637573712476E-07  7.638594776434E-07      16  13   7    48
 -8.608543625335E-07  8.608818576467E-07      17  12   7    48
 -7.073133547171E-07  7.074433959554E-07      16  15   1    48
 -5.520940162607E-07  5.522246519081E-07      13  13  12    24
 -5.527647940060E-07  5.529018099529E-07      14  12  12    24
 -7.945111387027E-07  7.945564030821E-07      17  14   1    48
 -5.275162985428E-07  5.276585841636E-07      15  15   6    24
 -7.619511256609E-07  7.621579817749E-07      14  13  11    48
 -7.300884127944E-07  7.302381169901E-07      16  14   6    48
 -6.485838485891E-07  6.487323986900E-07      16  15   3    48
 -7.230950445982E-07  7.232915560397E-07      15  12  11    48
 -4.913400541524E-07  4.915004411342E-07      14  14  10    24
 -7.028073316478E-07  7.028674155214E-07      17  14   3    48
 -7.403494026134E-07  7.404011165779E-07      17  13   6    48
 -6.586876760203E-07  6.588971652950E-07      15  13  10    48
 -4.200596057221E-07  4.201652051913E-07      16  11  11    24
 -5.508658862010E-07  5.510188027145E-07      16  12  10    48
 -5.343263492680E-07  5.345438668914E-07      15  14   9    48
 -3.997972601782E-07  3.999623222097E-07      16  15   5    48
 -4.325792483360E-07  4.327384932980E-07      16  13   9    48
 -3.972240285988E-07  3.973044922839E-07      17  14   5    48
 -4.238521418245E-07  4.239223439059E-07      17  11  10    48
 -1.327836103488E-07  1.328453746999E-07      16  16   0    12
 -2.159758977501E-07  2.160338513762E-07      17  15   0    24
 -3.318448507581E-07  3.319188509820E-07      17  12   9    48
 -2.168520773037E-07  2.169932259979E-07      15  15   8    24
 -1.279850324740E-07  1.280734856163E-07      16  16   2    24
 -2.411087954124E-07  2.412700591433E-07      16  14   8    48
 -2.147152100401E-07  2.148006056890E-07      17  15   2    48
 -1.587741968561E-07  1.588541971082E-07      17  13   8    48
  3.547462759715E-08 -3.538798550753E-08      16  16   4    24
  3.447555183917E-08 -3.438465331726E-08      17  15   4    48
  3.640403045464E-08 -3.626011945922E-08      16  15   7    48
  8.379471942219E-08 -8.370733723455E-08      17  14   7    48
  5.657013611895E-08 -5.648361624484E-08      14  13  13    24
  8.102389545328E-08 -8.093519409143E-08      14  14  12    24
  1.334087582741E-07 -1.332944754941E-07      15  13  12    48
  1.897138449351E-07 -1.895941359919E-07      15  14  11    48
  1.532236430541E-07 -1.531607799211E-07      16  12  12    24
  1.914019053320E-07 -1.913274667520E-07      17  16   1    48
  2.399493920767E-07 -2.398548147547E-07      16  13  11    48
  2.082551526258E-07 -2.081835505841E-07      16  16   6    24
  3.023593212939E-07 -3.022728314270E-07      17  15   6    48
  1.705415591286E-07 -1.704700000412E-07      15  15  10    24
  2.733346727763E-07 -2.732443661754E-07      16  14  10    48
  2.642795855967E-07 -2.642035935968E-07      17  16   3    48
  3.102608240377E-07 -3.101944179228E-07      17  12  11    48
  3.223148181300E-07 -3.222451589881E-07      17  13  10    48
  2.904045643721E-07 -2.903341982882E-07      16  15   9    48
  3.300025524280E-07 -3.299392765887E-07      17  14   9    48
  3.141967550389E-07 -3.141219168122E-07      17  16   5    48
  2.105900326004E-07 -2.105447248663E-07      16  16   8    24
  1.242969824769E-07 -1.242624971116E-07      17  17   0    12
  3.193889121021E-07 -3.193270048883E-07      17  15   8    48
  1.575238633468E-07 -1.574761283929E-07      17  17   2    24
  8.786334073441E-08 -8.783443488291E-08      14  14  14     8
  2.030782034289E-07 -2.030305151989E-07      15  14  13    48
  9.411455147737E-08 -9.407358022709E-08      17  17   4    24
  2.113509465254E-07 -2.112852280139E-07      17  16   7    48
  1.214702559089E-07 -1.214442348949E-07      16  13  13    24
  1.229947251812E-07 -1.229850982387E-07      15  15  12    24
  1.558160766817E-07 -1.557923294920E-07      16  14  12    48
  1.377665385416E-07 -1.377491498669E-07      17  13  12    48
  9.431342537342E-08 -9.429302006164E-08      16  15  11    48
  9.221931573085E-08 -9.220140485095E-08      17  14  11    48
  1.676237178129E-08 -1.673173205988E-08      16  16  10    24
 -1.071052438785E-08  1.072634053336E-08      17  17   6    24
  3.570971798635E-08 -3.569265696365E-08      17  15  10    48
 -1.590655455666E-08  1.592018557005E-08      17  16   9    48
 -9.044557692190E-08  9.040038923831E-08      17  17   8    24
 -7.594815063206E-08  7.605316339014E-08      15  15  14    24
 -8.024952121195E-08  8.034497696783E-08      16  14  14    24
 -1.226202157640E-07  1.226091706250E-07      16  15  13    48
 -1.293026890820E-07  1.293308131992E-07      17  14  13    48
 -1.000702057431E-07  9.996140596951E-08      16  16  12    24
 -1.441405232675E-07  1.440473355464E-07      17  15  12    48
 -1.185676428358E-07  1.184311144411E-07      17  16  11    48
 -6.105270100215E-08  6.101076784273E-08      17  17  10    24
 -4.328364621034E-09  3.458656099780E-09      16  15  15    24
 -1.018905955122E-08  9.325492142296E-09      16  16  14    24
 -1.600648591163E-08  1.579054958139E-08      17  15  14    48
 -1.660710219778E-08  1.633209100550E-08      17  16  13    48
  2.302915789200E-08 -2.227729060984E-08      17  17  12    24
  2.676336148058E-08 -2.648748549674E-08      16  16  16     8
  4.915636730490E-08 -4.658757913079E-08      17  16  15    48
  2.940706502639E-08 -2.652435669957E-08      17  17  14    24
 -6.857589919381E-09  4.153686021031E-09      17  17  16    24
