 format  1  0
dim                                     
                   3
crystal_system                          
             'cubic'
N_cell_param                            
                   1
cell_param                              
    1.6549805271E+00
group_name                              
          'I m -3 m'
N_monomer                               
                   2
N_star                                  
                 570
  5.640000000000E+01  3.600000000000E+00       0   0   0     1
  4.161683245717E-08  2.589897868720E-08       1   1   0    12
  3.261487461293E-08  3.146700653069E-08       2   0   0     6
 -2.625179194718E-08 -1.266651457489E-08       2   1   1    24
 -2.100198579138E-08 -9.087635324672E-09       2   2   0    12
 -8.876900800719E-08 -6.259859526081E-08       3   1   0    24
 -3.905178756165E-08 -2.603120290061E-08       2   2   2     8
 -5.471368533614E-08 -2.783558435294E-08       3   2   1    48
  1.505826422540E-09  8.200730701394E-09       4   0   0     6
 -1.642776767508E-08 -2.767370322469E-09       4   1   1    24
 -3.738249792155E-08 -2.508827078665E-08       3   3   0    12
 -2.488370593176E-08 -1.204521139368E-08       4   2   0    24
 -2.035647542573E-08 -8.983625936231E-09       3   3   2    24
 -2.765354378814E-08 -1.754844329666E-08       4   2   2    24
 -3.458658929279E-08 -2.583621568223E-08       5   1   0    24
 -1.959527098237E-08 -8.603807783576E-09       4   3   1    48
 -4.678166604200E-09  2.018858896150E-09       5   2   1    48
  3.038989501257E-09  5.654047860581E-09       4   4   0    12
 -1.794424739579E-09  1.522847502942E-09       5   3   0    24
 -4.307364220697E-09 -6.993256950555E-10       4   3   3    24
  4.878391747676E-09  6.092145188127E-09       6   0   0     6
  1.675285139193E-09  4.384608492924E-09       4   4   2    24
  3.535789998869E-09  5.838106029856E-09       6   1   1    24
  9.356212661166E-09  1.207923958210E-08       5   3   2    48
 -5.464818600100E-09 -3.050559259138E-09       6   2   0    24
 -1.277003360028E-08 -9.787257164662E-09       5   4   1    48
 -9.663268272500E-09 -7.685461371331E-09       6   2   2    24
 -2.279056800474E-08 -1.976594778424E-08       6   3   1    48
 -1.138428866443E-08 -9.874226198726E-09       4   4   4     8
 -2.612354759614E-08 -2.339146468364E-08       7   1   0    24
 -1.588956150067E-08 -1.454979245922E-08       5   5   0    12
 -2.363057376789E-08 -2.076344750877E-08       5   4   3    48
 -1.638093509577E-08 -1.463710652838E-08       6   4   0    24
 -2.734127347354E-08 -2.433642267037E-08       7   2   1    48
 -1.345029067948E-08 -1.199295236729E-08       6   3   3    24
 -1.685046757259E-08 -1.540316119878E-08       5   5   2    24
 -1.486481048489E-08 -1.317152292585E-08       6   4   2    48
 -1.079295290098E-08 -9.193562575932E-09       7   3   0    24
 -7.362559295211E-09 -5.894516081731E-09       7   3   2    48
 -9.707510167108E-09 -8.757159162970E-09       6   5   1    48
 -9.719129127642E-10 -3.138794377855E-10       8   0   0     6
  2.074798555443E-09  3.121813627489E-09       8   1   1    24
 -6.818350398318E-09 -5.780154186770E-09       7   4   1    48
 -1.695968063220E-08 -1.563012324039E-08       5   5   4    24
 -1.102351183202E-09 -1.518035067258E-10       8   2   0    24
 -8.538102273119E-09 -7.748582950966E-09       6   4   4    24
 -2.303333462675E-09 -1.843273243854E-09       6   5   3    48
  1.153520314651E-09  1.809648034211E-09       8   2   2    24
  5.170878594071E-09  4.996788121869E-09       6   6   0    12
 -1.251932084322E-08 -1.155176209475E-08       8   3   1    48
 -1.075287224892E-08 -1.052366986924E-08       7   5   0    24
  2.189203306826E-09  2.394873029266E-09       7   4   3    48
  1.064729195031E-08  1.020877857235E-08       6   6   2    24
 -5.262816946755E-09 -5.400053025962E-09       7   5   2    48
 -7.122985281597E-09 -6.968811262199E-09       8   4   0    24
 -7.157031762427E-09 -6.647584803621E-09       9   1   0    24
 -7.266971896048E-09 -6.985484926943E-09       8   3   3    24
 -5.519850185704E-09 -5.514919856157E-09       8   4   2    48
  4.795795305444E-09  4.757287215041E-09       9   2   1    48
 -1.079662964166E-09 -1.894581938031E-09       7   6   1    48
  2.614151135629E-09  2.396379877701E-09       6   5   5    24
  5.674208972839E-09  5.277168825591E-09       6   6   4    24
  1.317555556133E-08  1.269643191050E-08       9   3   0    24
  9.589308627257E-09  8.748076347441E-09       8   5   1    48
  4.267345582480E-09  3.704609027191E-09       7   5   4    48
 -1.513168448878E-09 -1.726011956378E-09       9   3   2    48
 -4.872760580678E-09 -5.521691353284E-09       7   6   3    48
 -3.658845553171E-09 -3.929124956604E-09       8   4   4    24
  2.404501579373E-08  2.299847146887E-08       9   4   1    48
  1.359462630526E-09  6.849115110357E-10       8   5   3    48
 -5.537979127348E-10 -1.147034503641E-09       7   7   0    12
 -4.462116789797E-09 -4.297666695219E-09      10   0   0     6
  1.845786127938E-08  1.740456239076E-08       8   6   0    24
  6.351943794189E-09  6.109479836566E-09      10   1   1    24
 -1.111354259992E-09 -1.792059296183E-09       7   7   2    24
 -6.702644337370E-09 -6.972644531176E-09      10   2   0    24
  1.275973381362E-08  1.163527587672E-08       8   6   2    48
  7.650024027614E-09  6.823684256380E-09       9   5   0    24
 -4.603539925704E-09 -5.018785979625E-09       9   4   3    48
 -8.608744937479E-09 -8.932898084247E-09      10   2   2    24
  3.883767414896E-09  3.478602914964E-09       6   6   6     8
  2.284844839744E-08  2.174956960615E-08      10   3   1    48
 -1.005085231372E-09 -1.812093766004E-09       9   5   2    48
  4.150197986088E-09  3.307513136061E-09       7   6   5    48
  4.147738859390E-09  2.987035295794E-09       8   7   1    48
 -9.482555758846E-10 -1.431013217033E-09       8   5   5    24
 -5.009184597451E-11 -5.362561174712E-10       7   7   4    24
 -1.299445780492E-08 -1.353992572249E-08      10   4   0    24
 -2.557139824509E-09 -3.220862742147E-09       8   6   4    48
  5.014256706961E-09  4.562629730064E-09      10   3   3    24
 -1.370768441187E-08 -1.455733113929E-08       9   6   1    48
 -2.083355721826E-08 -2.130486796180E-08      10   4   2    48
 -2.072135248997E-08 -2.066662149838E-08      11   1   0    24
 -8.103161875206E-09 -8.643620274411E-09       9   5   4    48
 -6.452116259323E-09 -7.089587099089E-09       8   7   3    48
 -1.997068359996E-09 -2.735881200812E-09      11   2   1    48
 -2.978199577659E-09 -3.899336595089E-09      10   5   1    48
 -1.228401683063E-10 -9.899719611966E-10       9   6   3    48
 -2.314009617564E-10 -7.770770126327E-10       8   8   0    12
 -1.970390113155E-09 -2.512386323435E-09      11   3   0    24
 -8.255533129132E-10 -1.545128044679E-09       9   7   0    24
 -1.819917453218E-11 -5.386912979891E-10      10   4   4    24
  4.508823842171E-10 -2.016397017360E-10       8   8   2    24
 -1.340977412934E-09 -2.078964668189E-09      11   3   2    48
 -7.945962698281E-10 -1.532418810700E-09      10   5   3    48
 -3.134864978047E-10 -1.168515940535E-09       9   7   2    48
 -1.399576651053E-09 -1.806883011694E-09       7   7   6    24
 -1.658077974995E-09 -2.250519071053E-09      10   6   0    24
 -1.078684939655E-09 -1.490579052681E-09       8   6   6    24
 -2.341621482210E-09 -3.068462531513E-09      11   4   1    48
 -6.159292141863E-10 -1.211356976915E-09       8   7   5    48
 -1.484413045967E-09 -2.190704111002E-09      10   6   2    48
 -7.375991215941E-10 -1.294215310717E-09       9   6   5    48
 -1.583485016849E-10 -3.851829974852E-10      12   0   0     6
  4.051391853411E-10 -1.008398767367E-12       8   8   4    24
 -5.587283377173E-10 -9.855542064051E-10      12   1   1    24
 -1.550920819957E-09 -1.997605290845E-09      11   5   0    24
 -6.000482295082E-10 -1.182141254099E-09      11   4   3    48
 -9.967128067772E-10 -1.648870404680E-09       9   8   1    48
 -1.306909475042E-10 -6.649943023863E-10       9   7   4    48
 -7.245129997202E-10 -1.130605305124E-09      12   2   0    24
 -1.237679795189E-09 -1.777054215835E-09      11   5   2    48
 -1.041296290177E-09 -1.606816827929E-09      10   7   1    48
 -3.734667403879E-10 -7.018581554050E-10      10   5   5    24
 -6.382882347068E-10 -1.000497993220E-09      12   2   2    24
 -6.685876358821E-10 -1.111415235679E-09      10   6   4    48
 -1.045361461852E-09 -1.536179607561E-09      12   3   1    48
  1.604775467408E-10 -2.840201198203E-10       9   8   3    48
 -9.448833330084E-10 -1.373263082764E-09      11   6   1    48
 -5.218969765171E-10 -8.984023254386E-10      10   7   3    48
 -7.076261241921E-10 -1.000109653866E-09      12   4   0    24
 -2.062903602890E-10 -4.669884536313E-10      12   3   3    24
 -2.549321334569E-10 -5.783061308128E-10      11   5   4    48
 -4.107026674549E-10 -5.878764791083E-10       9   9   0    12
 -1.416999209898E-10 -3.033680399202E-10       8   7   7    24
 -4.595526656651E-10 -8.064186567610E-10      12   4   2    48
 -3.922581377464E-10 -6.238521256228E-10      10   8   0    24
 -3.315193700601E-11 -1.895911112632E-10       8   8   6    24
 -4.100093626401E-10 -6.908497304266E-10      11   6   3    48
 -7.650665947204E-11 -2.746381527327E-10       9   9   2    24
 -2.317488761090E-10 -4.421804405785E-10       9   7   6    48
 -1.459165121498E-10 -4.023508156665E-10      10   8   2    48
  4.707624406039E-10  2.677283063478E-10      13   1   0    24
 -4.576062942043E-10 -7.323665025171E-10      12   5   1    48
 -8.606438535341E-11 -2.671307104104E-10      11   7   0    24
  2.235225511937E-10  3.792480706781E-11       9   8   5    48
 -1.897258984716E-10 -3.114059145716E-10      10   6   6    24
  5.073613107631E-10  2.738149449928E-10      13   2   1    48
 -1.058396534964E-10 -3.025805399956E-10      11   7   2    48
 -1.011608025680E-10 -2.583964630321E-10      10   7   5    48
  2.040858266837E-10  7.246869626091E-11      12   4   4    24
  1.956564312119E-10  6.047992072068E-11      13   3   0    24
  1.269429840911E-10 -4.266952044733E-11      12   5   3    48
  3.825319484183E-10  2.925124593171E-10       9   9   4    24
 -1.275616220770E-11 -1.270880550065E-10      12   6   0    24
  2.707108775670E-10  1.568780016400E-10      10   8   4    48
  3.340555599847E-10  1.856381482378E-10      13   3   2    48
  4.644006460631E-11 -5.906373491772E-11      11   6   5    48
  2.954423303899E-11 -8.495516154446E-11      10   9   1    48
  4.149616833897E-11 -7.820247314176E-11      12   6   2    48
  8.715183166272E-11 -3.070319681848E-11      13   4   1    48
  2.118692825342E-10  1.220369237860E-10      11   8   1    48
  3.549032710204E-11 -4.412566145425E-11      11   7   4    48
  4.355088805334E-10  3.844305910191E-10      10   9   3    48
 -3.848378516995E-11 -4.095635682558E-11       8   8   8     8
 -3.672542556131E-11 -8.107938981800E-11      13   5   0    24
  3.755674636769E-10  3.191642087346E-10      13   4   3    48
  2.147189991598E-10  1.651654278572E-10      12   7   1    48
  2.504901147342E-10  2.203834452355E-10      12   5   5    24
  1.778339797643E-10  1.422782626774E-10      11   8   3    48
 -3.744957926940E-11 -4.108784702466E-11       9   8   7    48
  4.418523650729E-10  4.273669072737E-10      14   0   0     6
  2.116716713094E-10  1.774040337807E-10      12   6   4    48
  7.549436864969E-10  7.344847444065E-10      14   1   1    24
  1.250701496881E-10  8.702920706800E-11      13   5   2    48
 -2.546887325120E-11 -2.452627226403E-11      10   7   7    24
  1.177165138876E-10  1.202948280181E-10       9   9   6    24
  6.249559136457E-10  6.115397640325E-10      14   2   0    24
  7.426014451115E-11  6.877529936438E-11      10  10   0    12
  7.344607373702E-11  7.928586927356E-11      10   8   6    48
  6.327072055600E-11  5.278862951181E-11      12   7   3    48
  1.677383856017E-10  1.643571806242E-10      11   9   0    24
  4.344043967537E-10  4.333756752614E-10      14   2   2    24
  2.034140214541E-10  2.071089023908E-10      10  10   2    24
  4.492116085321E-10  4.535065474008E-10      14   3   1    48
 -2.015545318461E-11 -2.502205505251E-11      13   6   1    48
  2.255907973027E-10  2.349792339483E-10      11   9   2    48
 -1.098863835861E-11  3.072877225774E-12      11   7   6    48
  2.800121145794E-10  2.982745346359E-10      10   9   5    48
  1.850468230357E-10  1.923752494006E-10      12   8   0    24
  3.101146431770E-10  3.209434001693E-10      13   5   4    48
  3.447751762846E-11  5.618040733142E-11      11   8   5    48
  6.895207427483E-11  8.223775981417E-11      14   4   0    24
  9.173531225232E-11  1.112034759399E-10      12   8   2    48
  1.806600045878E-10  1.985756057648E-10      14   3   3    24
  8.036492256957E-11  9.803883721842E-11      13   6   3    48
  1.284360709200E-10  1.558441101113E-10      14   4   2    48
 -1.341316827776E-11  6.123422957598E-12      12   6   6    24
  2.075730491956E-10  2.312001474711E-10      10  10   4    24
 -5.074149827746E-12  1.412351004714E-11      13   7   0    24
 -8.983247262051E-11 -6.033280857345E-11      12   7   5    48
  1.107546949696E-10  1.444841050557E-10      11   9   4    48
 -1.162426188719E-10 -8.245982324007E-11      14   5   1    48
 -5.830062149752E-11 -2.724273652329E-11      13   7   2    48
  1.223536661973E-10  1.577393786747E-10      11  10   1    48
 -1.548785424536E-10 -1.195775856353E-10      12   8   4    48
  3.749750237492E-10  4.151233998614E-10      15   1   0    24
  1.257656888609E-10  1.648316938651E-10      12   9   1    48
 -1.678217111649E-10 -1.328073563367E-10       9   9   8    24
  8.263760746859E-11  1.112147342592E-10      14   4   4    24
 -9.678418205914E-11 -6.207460765212E-11      10   8   8    24
  3.040417345129E-10  3.622551203347E-10      15   2   1    48
  3.211529605989E-11  7.208545918962E-11      14   5   3    48
 -6.172797863761E-11 -2.313600593742E-11      13   6   5    48
  7.067643570910E-11  1.135928643434E-10      11  10   3    48
 -8.682528946132E-11 -3.752382272717E-11      10   9   7    48
 -1.610855560024E-10 -1.320715364549E-10      14   6   0    24
  1.102093637261E-10  1.508820302481E-10      15   3   0    24
  2.898072689917E-12  4.524156478447E-11      13   8   1    48
 -1.816525940143E-10 -1.431948865453E-10      13   7   4    48
 -1.134074407253E-10 -7.126195676061E-11      12   9   3    48
 -1.420777214434E-11  3.318322079353E-11      11   8   7    48
 -1.165128138258E-10 -7.576873485631E-11      14   6   2    48
  6.834884535237E-12  4.123674508064E-11      10  10   6    24
  2.056366671043E-11  7.631020079615E-11      15   3   2    48
 -2.015111828339E-11  2.681326038825E-11      11   9   6    48
 -3.172710530628E-11  2.159912125549E-11      15   4   1    48
 -2.120015872515E-10 -1.712867337598E-10      13   8   3    48
 -2.081464233386E-11  1.070561037198E-11      12   7   7    24
  2.396473820829E-11  4.437918930036E-11      11  11   0    12
  6.941350286049E-11  9.922724451168E-11      12  10   0    24
 -8.563533382465E-11 -4.196348554512E-11      12   8   6    48
 -1.366613207425E-10 -9.379071926307E-11      14   7   1    48
 -3.300469607471E-11 -2.939189302532E-12      14   5   5    24
 -1.940132974073E-11  1.149213721883E-11      11  11   2    24
  1.783336685289E-11  6.351888033481E-11      11  10   5    48
 -7.319596917787E-11 -3.233191939954E-11      14   6   4    48
 -4.343504293508E-11  1.582415099092E-13      12  10   2    48
 -7.367139673893E-11 -3.929223505701E-11      15   5   0    24
 -7.187942752283E-11 -2.418820901654E-11      15   4   3    48
  8.765754863686E-11  1.184804498282E-10      13   9   0    24
 -1.313953189825E-10 -8.912388582797E-11      12   9   5    48
 -4.869467180089E-11 -3.684426998157E-12      15   5   2    48
 -9.824562882863E-11 -5.923898430651E-11      14   7   3    48
 -6.513685321670E-11 -2.277782432545E-11      13   9   2    48
 -1.265365374906E-10 -8.556362328829E-11      13   7   6    48
 -3.781909607127E-11 -1.805048592632E-11      16   0   0     6
 -6.008382552231E-11 -2.090869411839E-11      16   1   1    24
 -1.885926281941E-10 -1.499760845310E-10      13   8   5    48
  1.281919832977E-11  4.356449701004E-11      11  11   4    24
 -2.797507797510E-11  1.063942956042E-11      16   2   0    24
  2.654348409912E-11  5.623905535995E-11      14   8   0    24
 -7.070665441833E-11 -2.903559986889E-11      12  10   4    48
 -4.408044265501E-11 -2.074318048939E-12      15   6   1    48
  2.047345768074E-10  2.336405312172E-10      10   9   9    24
 -4.262306586468E-11 -6.177079172892E-12      16   2   2    24
 -9.907106127492E-12  2.930457273416E-11      14   8   2    48
  1.771940216122E-10  2.069549807508E-10      10  10   8    24
  1.132486585523E-11  6.192685850943E-11      16   3   1    48
  3.434871833576E-12  4.275215777300E-11      15   5   4    48
 -1.582927578837E-10 -1.205117239523E-10      13   9   4    48
  6.076224453919E-11  9.939919936807E-11      12  11   1    48
  3.075604217051E-10  3.497840767543E-10      11   9   8    48
 -5.860867177364E-11 -3.141703484070E-11      14   6   6    24
  8.796050674924E-11  1.250313800992E-10      15   6   3    48
 -7.103804466784E-11 -3.436874878855E-11      14   7   5    48
  1.552231033837E-10  1.943784240280E-10      13  10   1    48
  1.999129165214E-10  2.421802292180E-10      11  10   7    48
  8.415797191861E-11  1.173396838986E-10      16   4   0    24
  2.467844944890E-10  2.758109605824E-10      12   8   8    24
 -1.514088438950E-11  1.537855678801E-11      16   3   3    24
  4.660070657912E-11  7.407836321604E-11      15   7   0    24
  2.912715195892E-12  4.341185315619E-11      12  11   3    48
  2.610645121391E-10  3.013543835096E-10      12   9   7    48
  6.902169379612E-11  1.114697302250E-10      16   4   2    48
 -2.746862787233E-11  7.215980216478E-12      14   8   4    48
  1.640243076899E-10  1.999906369975E-10      15   7   2    48
  2.286215037246E-10  2.667582299003E-10      14   9   1    48
 -1.101923396730E-11  2.737956609012E-11      13  10   3    48
  1.292013244884E-10  1.575177194499E-10      11  11   6    24
  1.811463481900E-10  2.194979511707E-10      12  10   6    48
  2.034103685435E-10  2.438263813736E-10      16   5   1    48
  2.615217870317E-10  2.987204221026E-10      13   8   7    48
  1.032835004978E-10  1.383979870612E-10      15   6   5    48
  9.537338971570E-11  1.307695506761E-10      14   9   3    48
  1.890334611058E-10  2.240202288308E-10      13   9   6    48
  8.622297470940E-11  1.112189692983E-10      16   4   4    24
  1.176048312765E-10  1.345237046325E-10      12  12   0    12
 -2.728863878190E-11  3.849611550003E-13      17   1   0    24
  2.176233765170E-10  2.525589807750E-10      16   5   3    48
  2.980424052812E-10  3.337358145277E-10      15   8   1    48
  2.195971658779E-10  2.529262177933E-10      15   7   4    48
  2.239869613460E-10  2.483062099942E-10      13  11   0    24
  2.497520120770E-10  2.863441505399E-10      12  11   5    48
  2.037821545262E-10  2.301817629038E-10      16   6   0    24
  9.391092680693E-11  1.201419759200E-10      12  12   2    24
  1.233846606195E-10  1.628107473654E-10      17   2   1    48
  1.528414594659E-10  1.771724615328E-10      14   7   7    24
  1.762687157464E-10  2.130457955784E-10      13  11   2    48
  2.105960220619E-10  2.444093859250E-10      13  10   5    48
  3.600134609058E-10  3.944968692146E-10      16   6   2    48
  3.176570449599E-10  3.423634059984E-10      14  10   0    24
  2.137845929255E-10  2.467945849673E-10      14   8   6    48
  2.021142405552E-10  2.301464817312E-10      17   3   0    24
  3.294533874214E-10  3.626439814223E-10      15   8   3    48
  2.962255458618E-10  3.318389853200E-10      14  10   2    48
  3.102354718371E-10  3.229933702442E-10      10  10  10     8
  2.624578648777E-10  2.997450334216E-10      17   3   2    48
  2.414890993186E-10  2.729502757331E-10      14   9   5    48
  6.628097265393E-10  6.960664730057E-10      11  10   9    48
  2.209399696499E-10  2.463073754224E-10      12  12   4    24
  4.181690605149E-10  4.558541228056E-10      17   4   1    48
  4.294369864298E-10  4.637240590313E-10      16   7   1    48
  1.913530549657E-10  2.147349712528E-10      16   5   5    24
  3.551331071321E-10  3.793918391223E-10      15   9   0    24
  2.873912386462E-10  3.221113080977E-10      13  11   4    48
  4.284826753971E-10  4.532487295981E-10      12   9   9    24
  3.144811336497E-10  3.394686946011E-10      11  11   8    24
  3.690088174084E-10  4.016145188148E-10      16   6   4    48
  4.828837998002E-10  5.181187660428E-10      12  10   8    48
  4.427220473646E-10  4.766992516076E-10      15   9   2    48
  2.607737061808E-10  2.936690160780E-10      15   7   6    48
  3.029814958012E-10  3.354622162170E-10      14  10   4    48
  3.652126357621E-10  3.912441305238E-10      17   5   0    24
  3.558228695550E-10  3.892535437623E-10      17   4   3    48
  5.078740569627E-10  5.402869404666E-10      16   7   3    48
  3.494013177052E-10  3.808321860271E-10      15   8   5    48
  3.838485418468E-10  4.165716165127E-10      13  12   1    48
  5.188625174677E-10  5.528613071275E-10      13   9   8    48
  3.496241616457E-10  3.839326154563E-10      12  11   7    48
  4.870786240451E-10  5.211599625266E-10      17   5   2    48
  4.959604158805E-10  5.287167434737E-10      14  11   1    48
  4.264310678517E-10  4.587221281290E-10      13  10   7    48
  3.680092252773E-10  3.916036923954E-10      16   8   0    24
  4.206710819173E-10  4.519988649775E-10      15   9   4    48
  3.277668260041E-10  3.622936452523E-10      13  12   3    48
  5.565800546733E-10  5.893218682370E-10      16   8   2    48
  3.332915516323E-10  3.553427677504E-10      14   8   8    24
  3.100814957231E-10  3.321592875510E-10      12  12   6    24
  5.524663019539E-10  5.867186689011E-10      17   6   1    48
  5.858429415476E-10  6.182791720759E-10      15  10   1    48
  3.585682795018E-10  3.918864328685E-10      14  11   3    48
  4.554775828373E-10  4.854079922647E-10      14   9   7    48
  4.476454506775E-10  4.776485415218E-10      13  11   6    48
  2.333323872775E-10  2.564886652755E-10      16   6   6    24
  4.238945421340E-10  4.554718909062E-10      17   5   4    48
  4.061115865201E-10  4.382609057872E-10      16   7   5    48
  4.663563796971E-10  4.941374732092E-10      14  10   6    48
  5.314925099542E-10  5.633593630242E-10      17   6   3    48
  4.428212029421E-10  4.747073034303E-10      15  10   3    48
  5.113449134622E-10  5.427439863422E-10      16   8   4    48
  3.866188390374E-10  4.098291546246E-10      17   7   0    24
  5.854543989498E-10  6.170710555246E-10      16   9   1    48
  3.970368511762E-10  4.256974472938E-10      15   8   7    48
  2.582226212949E-10  2.726182024927E-10      13  13   0    12
  5.282102647109E-10  5.565993012230E-10      13  12   5    48
  4.017990815929E-10  4.221420098640E-10      14  12   0    24
  5.704736854848E-10  6.022907718411E-10      17   7   2    48
  4.549995693021E-10  4.819073999946E-10      15   9   6    48
  4.988968987498E-10  5.258163945223E-10      14  11   5    48
  2.794337469256E-10  3.011129721869E-10      13  13   2    24
  4.174777357153E-10  4.358339159573E-10      11  11  10    24
  4.255558500299E-10  4.558566790355E-10      14  12   2    48
  3.569521989375E-10  3.762094774624E-10      12  10  10    24
  5.198821262304E-10  5.506923641457E-10      16   9   3    48
  4.508952224988E-10  4.711650446076E-10      15  11   0    24
  3.629840822541E-10  3.909668445159E-10      12  11   9    48
  3.842245030407E-10  4.151549877356E-10      17   6   5    48
  4.844277254100E-10  5.138739866496E-10      15  11   2    48
  4.792391344666E-10  5.050767210355E-10      15  10   5    48
  3.754634654432E-10  4.031957678140E-10      13  10   9    48
  1.454998123156E-10  1.648745816006E-10      12  12   8    24
  5.296181919469E-10  5.597984327617E-10      17   8   1    48
  4.665879567689E-10  4.970336715138E-10      17   7   4    48
  2.237310430177E-10  2.436508779632E-10      16   7   7    24
  3.378893982977E-10  3.568638328813E-10      13  13   4    24
  2.621853970982E-10  2.887281011517E-10      13  11   8    48
  4.238138127633E-10  4.437333573539E-10      16  10   0    24
  3.719564868360E-10  3.992992877363E-10      16   8   6    48
  4.593564575218E-10  4.856095552380E-10      14  12   4    48
  2.545629544093E-10  2.725555259090E-10      14   9   9    24
  4.989114178507E-10  5.272178249106E-10      16  10   2    48
  3.403088921450E-10  3.645491699252E-10      14  10   8    48
  4.866893502106E-10  5.159462313248E-10      17   8   3    48
  4.374286397231E-10  4.633593178930E-10      16   9   5    48
  4.321203623495E-10  4.572836820934E-10      15  11   4    48
  2.986558281952E-10  3.217718599137E-10      13  12   7    48
  4.751661765373E-10  4.992562078867E-10      14  13   1    48
  3.593201705819E-10  3.806084219174E-10      14  11   7    48
  3.418081899038E-10  3.605903587937E-10      17   9   0    24
  5.061671994724E-10  5.299138299300E-10      15  12   1    48
  3.280381799448E-10  3.494273171326E-10      15   9   8    48
  4.053843529241E-10  4.298830160210E-10      16  10   4    48
  4.321228090386E-10  4.585732659101E-10      17   9   2    48
  2.517678073408E-10  2.782711370163E-10      17   7   6    48
  3.783306581065E-10  3.975235870383E-10      15  10   7    48
  3.680991465802E-10  3.911545909776E-10      14  13   3    48
  3.115500626898E-10  3.248186009795E-10      13  13   6    24
  4.412442107132E-10  4.592813044239E-10      14  12   6    48
  3.181741864963E-10  3.435782799831E-10      17   8   5    48
  4.837184846640E-10  5.068602787565E-10      16  11   1    48
  3.564604929981E-10  3.788708188269E-10      15  12   3    48
  4.207878012585E-10  4.375479518689E-10      15  11   6    48
  1.802434333086E-10  1.936889681575E-10      16   8   8    24
  3.180971701547E-10  3.416813362516E-10      17   9   4    48
  3.311766139761E-10  3.527319151554E-10      16  11   3    48
  2.926615897250E-10  3.107787463597E-10      16   9   7    48
  2.063705802639E-10  2.173773707511E-10      12  11  11    24
  1.321753915242E-10  1.436149679415E-10      12  12  10    24
  3.772063260006E-10  3.989101873125E-10      17  10   1    48
  4.314813465785E-10  4.469172634055E-10      14  13   5    48
  1.643575750940E-10  1.807324220614E-10      13  11  10    48
  3.401574588890E-10  3.565099122079E-10      16  10   6    48
  2.070165434926E-10  2.155255649137E-10      14  14   0    12
  2.922408169943E-10  3.042859212673E-10      15  13   0    24
  3.736967717207E-10  3.886913872421E-10      15  12   5    48
  5.437113959266E-11  7.021401240319E-11      13  12   9    48
  2.157166226742E-10  2.277277777097E-10      14  14   2    24
  8.390224335856E-11  9.497234333957E-11      14  10  10    24
  2.610575443634E-10  2.813873315323E-10      17  10   3    48
  2.985839614064E-10  3.154653739969E-10      15  13   2    48
  9.876831748303E-11  1.135954813226E-10      14  11   9    48
  2.672831329852E-10  2.793189451656E-10      16  12   0    24
  1.463427000649E-10  1.637077227844E-10      17   8   7    48
  2.949966436970E-10  3.097411806773E-10      16  11   5    48
  4.851970328762E-11  5.781919155711E-11      13  13   8    24
  2.684575412801E-10  2.850324369825E-10      16  12   2    48
  1.124496316622E-10  1.248382413980E-10      14  12   8    48
  1.788187088008E-10  1.952988184299E-10      17   9   6    48
  1.270669399372E-10  1.396156514368E-10      15  10   9    48
  2.004341335303E-10  2.094246794435E-10      14  14   4    24
  1.857627546470E-10  1.974068124035E-10      17  11   0    24
  2.493563597128E-10  2.620350707406E-10      15  13   4    48
  1.679827499949E-10  1.786911598348E-10      15  11   8    48
  1.858565793418E-10  2.017346190801E-10      17  11   2    48
  1.656265974133E-10  1.805613461294E-10      17  10   5    48
  2.016125411251E-10  2.107598470142E-10      14  13   7    48
  1.747707669176E-10  1.874344899061E-10      16  12   4    48
  8.786825484287E-11  9.482804380491E-11      16   9   9    24
  2.108433158888E-10  2.192352448868E-10      15  12   7    48
  1.516371422961E-10  1.608115404012E-10      16  10   8    48
  2.075228402632E-10  2.182356372577E-10      15  14   1    48
  8.034683127916E-11  9.302544057199E-11      17  11   4    48
  1.535612511347E-10  1.648738841376E-10      16  13   1    48
  1.690517798543E-10  1.770027445847E-10      16  11   7    48
  1.506165345748E-10  1.553266984831E-10      14  14   6    24
  1.167325154640E-10  1.258557965151E-10      15  14   3    48
  1.864311686756E-10  1.930838376528E-10      15  13   6    48
  9.317748038034E-11  9.460924801245E-11      12  12  12     8
  3.930569140616E-11  5.115483423431E-11      17  12   1    48
  5.580382649607E-11  6.418770076853E-11      17   9   8    48
  5.210705730730E-11  6.164642939300E-11      16  13   3    48
  1.435769257391E-10  1.477854727253E-10      13  12  11    48
  1.059370343670E-10  1.129118475540E-10      16  12   6    48
  4.220100896751E-11  5.046642661589E-11      17  10   7    48
  5.593810393320E-11  5.914809611103E-11      14  11  11    24
  4.020432157662E-11  4.332308756497E-11      13  13  10    24
  4.807647450976E-11  5.249633184934E-11      14  12  10    48
 -3.642890941496E-11 -2.653164785612E-11      17  12   3    48
 -3.040218514153E-11 -2.247778305407E-11      17  11   6    48
  7.806803251776E-11  8.323131562602E-11      15  14   5    48
  3.854184980440E-11  4.249174832255E-11      15  11  10    48
  2.229621265416E-11  2.599180203676E-11      14  13   9    48
 -1.231622289956E-11 -6.501346714454E-12      16  13   5    48
  9.963051883547E-12  1.305757688732E-11      15  15   0    12
  3.353040152111E-11  3.691566091687E-11      15  12   9    48
 -5.020095639199E-11 -4.494079061303E-11      16  14   0    24
 -2.984237448985E-11 -2.569919583461E-11      15  15   2    24
 -1.065908126910E-10 -9.991398419291E-11      16  14   2    48
  1.338613836024E-11  1.557142187561E-11      16  10  10    24
  1.847353699618E-12  3.880361838763E-12      14  14   8    24
 -1.623579406727E-10 -1.558085879673E-10      17  13   0    24
 -1.364315320054E-10 -1.295828782673E-10      17  12   5    48
  4.559501493585E-12  7.681825991424E-12      16  11   9    48
 -6.978609917142E-12 -4.037794682798E-12      15  13   8    48
 -2.295312919138E-10 -2.215573074990E-10      17  13   2    48
 -5.939843957762E-11 -5.605049549757E-11      16  12   8    48
 -5.804997424432E-11 -5.536394884559E-11      15  15   4    24
 -1.406195691500E-10 -1.362467708119E-10      16  14   4    48
 -4.651799536950E-11 -4.367299231286E-11      17  10   9    48
 -8.361067459799E-11 -8.100349740504E-11      15  14   7    48
 -2.485802907031E-10 -2.431984447022E-10      17  13   4    48
 -1.446654864221E-10 -1.408401918537E-10      17  11   8    48
 -1.768502002543E-10 -1.732774054143E-10      16  13   7    48
 -3.007434058574E-10 -2.959750899169E-10      17  12   7    48
 -3.348391774643E-10 -3.298897844249E-10      16  15   1    48
 -1.283628883294E-10 -1.270941661861E-10      13  13  12    24
 -1.441058970735E-10 -1.427578403621E-10      14  12  12    24
 -4.808956490788E-10 -4.740570264994E-10      17  14   1    48
 -1.276436597171E-10 -1.261444265282E-10      15  15   6    24
 -2.081618277836E-10 -2.063638387454E-10      14  13  11    48
 -2.623337770739E-10 -2.593880850916E-10      16  14   6    48
 -3.566939230682E-10 -3.527404854485E-10      16  15   3    48
 -2.780549047475E-10 -2.756470399420E-10      15  12  11    48
 -1.880588570526E-10 -1.865996010310E-10      14  14  10    24
 -4.447249521042E-10 -4.397752875251E-10      17  14   3    48
 -3.875242930008E-10 -3.833179313971E-10      17  13   6    48
 -3.240063764465E-10 -3.213271085985E-10      15  13  10    48
 -2.701803170166E-10 -2.678845267963E-10      16  11  11    24
 -4.368615455804E-10 -4.330987206612E-10      16  12  10    48
 -4.236712849246E-10 -4.204333707984E-10      15  14   9    48
 -3.867126300981E-10 -3.840524039268E-10      16  15   5    48
 -5.533394072197E-10 -5.487233602079E-10      16  13   9    48
 -4.365531369386E-10 -4.334364630218E-10      17  14   5    48
 -4.677818156065E-10 -4.639622743705E-10      17  11  10    48
 -2.607235437703E-10 -2.588884131474E-10      16  16   0    12
 -4.207447781704E-10 -4.174716121484E-10      17  15   0    24
 -6.055778845866E-10 -6.005350834797E-10      17  12   9    48
 -3.649657683404E-10 -3.625578659214E-10      15  15   8    24
 -4.234033239868E-10 -4.205305110313E-10      16  16   2    24
 -6.060991230640E-10 -6.017479927893E-10      16  14   8    48
 -6.178208214589E-10 -6.134388007422E-10      17  15   2    48
 -6.836854659954E-10 -6.785117888277E-10      17  13   8    48
 -4.571521391406E-10 -4.545003568387E-10      16  16   4    24
 -5.721298957844E-10 -5.690793372060E-10      17  15   4    48
 -5.664797493009E-10 -5.634827575945E-10      16  15   7    48
 -5.787388907585E-10 -5.755433334142E-10      17  14   7    48
 -3.283375947543E-10 -3.267950910377E-10      14  13  13    24
 -3.442090600024E-10 -3.425690495653E-10      14  14  12    24
 -5.320847504027E-10 -5.294128130109E-10      15  13  12    48
 -5.407896760958E-10 -5.381408644833E-10      15  14  11    48
 -4.310814847678E-10 -4.287739442330E-10      16  12  12    24
 -4.631763577634E-10 -4.619116103157E-10      17  16   1    48
 -6.122841005709E-10 -6.090249500285E-10      16  13  11    48
 -3.982215759589E-10 -3.966974450178E-10      16  16   6    24
 -4.400650558360E-10 -4.389587716777E-10      17  15   6    48
 -3.440535886788E-10 -3.426903693582E-10      15  15  10    24
 -5.343471968841E-10 -5.319555459660E-10      16  14  10    48
 -4.443880272907E-10 -4.435538921107E-10      17  16   3    48
 -4.967198797977E-10 -4.944727302779E-10      17  12  11    48
 -4.512246781392E-10 -4.494408299276E-10      17  13  10    48
 -2.651199099568E-10 -2.654041578045E-10      16  15   9    48
 -1.848209648510E-10 -1.855713564292E-10      17  14   9    48
 -1.486188739161E-10 -1.504229828286E-10      17  16   5    48
  1.398738546531E-10  1.367826490008E-10      16  16   8    24
  7.749710216085E-11  7.527768086642E-11      17  17   0    12
  3.007184773441E-10  2.956776183350E-10      17  15   8    48
  2.955381189540E-10  2.909494682709E-10      17  17   2    24
  1.354963310346E-10  1.336724728429E-10      14  14  14     8
  4.281286554624E-10  4.229317148331E-10      15  14  13    48
  6.782072248039E-10  6.709434338327E-10      17  17   4    24
  9.664807893747E-10  9.563256005776E-10      17  16   7    48
  5.213641488409E-10  5.160841887096E-10      16  13  13    24
  3.797398698296E-10  3.755080797485E-10      15  15  12    24
  7.540046481448E-10  7.464529932070E-10      16  14  12    48
  1.238196448052E-09  1.227321647297E-09      17  13  12    48
  8.985325859822E-10  8.899794491856E-10      16  15  11    48
  1.262136768041E-09  1.251173887348E-09      17  14  11    48
  9.770564438028E-10  9.686141298335E-10      16  16  10    24
  1.283294964142E-09  1.272213890520E-09      17  17   6    24
  1.441191166869E-09  1.428998019239E-09      17  15  10    48
  1.723395325076E-09  1.709319621840E-09      17  16   9    48
  6.772246527565E-10  6.709284260143E-10      17  17   8    24
  2.009336935267E-10  1.987079152096E-10      15  15  14    24
  7.452065960762E-11  7.308656223108E-11      16  14  14    24
 -1.642684565448E-10 -1.646420932309E-10      16  15  13    48
 -8.508786823209E-10 -8.469972665805E-10      17  14  13    48
 -9.272259706998E-10 -9.226022829337E-10      16  16  12    24
 -1.750476467682E-09 -1.741258911666E-09      17  15  12    48
 -4.337733314582E-09 -4.313544232317E-09      17  16  11    48
 -6.935346739707E-09 -6.896712543625E-09      17  17  10    24
 -1.978344184201E-08 -1.967760434812E-08      16  15  15    24
 -2.366960312664E-08 -2.354354097424E-08      16  16  14    24
 -3.898893263051E-08 -3.878217636417E-08      17  15  14    48
 -4.844377284981E-08 -4.818938181232E-08      17  16  13    48
 -4.470954863470E-08 -4.447933263723E-08      17  17  12    24
 -4.275125911582E-08 -4.255266179147E-08      16  16  16     8
 -1.340203662098E-07 -1.334004798974E-07      17  16  15    48
 -1.064048760181E-07 -1.059170984786E-07      17  17  14    24
  3.271663717897E-07  3.258390009580E-07      17  17  16    24
