 format  1  0
dim                                     
                   3
crystal_system                          
             'cubic'
N_cell_param                            
                   1
cell_param                              
    1.6549805271E+00
group_name                              
          'I m -3 m'
N_monomer                               
                   2
N_star                                  
                 570
  6.000000000000E-02  9.400000000000E-01       0   0   0     1
 -3.700575167153E-10 -8.393475639687E-09       1   1   0    12
 -2.241329322540E-10 -5.651854462391E-09       2   0   0     6
  8.392625578736E-11  1.618899302563E-09       2   1   1    24
  5.303755006949E-11  8.896097251560E-10       2   2   0    12
  2.388444744656E-10  4.839971461415E-09       3   1   0    24
  9.001516169611E-11  1.689410048101E-09       2   2   2     8
  1.035501789299E-10  1.568252557519E-09       3   2   1    48
 -9.508863997304E-12 -3.914088655041E-10       4   0   0     6
  2.219991991970E-11  1.301307094002E-10       4   1   1    24
  6.512511729268E-11  1.093006558847E-09       3   3   0    12
  3.719833277774E-11  4.773566545417E-10       4   2   0    24
  2.815323067732E-11  3.247368991087E-10       3   3   2    24
  3.886478038426E-11  5.753718233347E-10       4   2   2    24
  4.763976458616E-11  7.794668018365E-10       5   1   0    24
  2.437139913446E-11  2.630810527909E-10       4   3   1    48
  3.911709717531E-12 -5.029458656358E-11       5   2   1    48
 -4.614982710772E-12 -1.373022737094E-10       4   4   0    12
  1.235059716002E-12 -3.410694602658E-11       5   3   0    24
  4.158656798154E-12  1.707161947644E-11       4   3   3    24
 -5.862052831705E-12 -1.320367216668E-10       6   0   0     6
 -2.580979161818E-12 -9.457324802677E-11       4   4   2    24
 -4.371272735586E-12 -1.196514052717E-10       6   1   1    24
 -1.080962696519E-11 -2.480225127183E-10       5   3   2    48
  5.211792465784E-12  6.015927103716E-11       6   2   0    24
  1.223992868967E-11  1.828973276806E-10       5   4   1    48
  8.971663346315E-12  1.370350885952E-10       6   2   2    24
  2.066892237056E-11  3.368046023642E-10       6   3   1    48
  9.965969478005E-12  1.612585134326E-10       4   4   4     8
  2.220106724989E-11  3.666543114081E-10       7   1   0    24
  1.354732435712E-11  2.280147163766E-10       5   5   0    12
  2.002883197481E-11  3.255211246480E-10       5   4   3    48
  1.346347815378E-11  2.206389921140E-10       6   4   0    24
  2.175161316810E-11  3.533170336569E-10       7   2   1    48
  1.070295133767E-11  1.741113308534E-10       6   3   3    24
  1.345290945775E-11  2.235699885308E-10       5   5   2    24
  1.145788746807E-11  1.844280431149E-10       6   4   2    48
  8.034957900091E-12  1.243512807566E-10       7   3   0    24
  5.142247204145E-12  7.464929697660E-11       7   3   2    48
  6.868648089076E-12  1.107902912883E-10       6   5   1    48
  6.212896152941E-13  3.901225886074E-12       8   0   0     6
 -1.489824596501E-12 -3.700483668192E-11       8   1   1    24
  4.538606803727E-12  6.875711304293E-11       7   4   1    48
  1.138909827280E-11  1.858065005359E-10       5   5   4    24
  6.559588813438E-13  1.823836261188E-12       8   2   0    24
  5.575898626216E-12  8.943538171933E-11       6   4   4    24
  1.448643677283E-12  2.069263303969E-11       6   5   3    48
 -7.677497111356E-13 -1.967955217831E-11       8   2   2    24
 -3.231180835334E-12 -5.447598037892E-11       6   6   0    12
  7.598774877072E-12  1.226113531472E-10       8   3   1    48
  6.565178105860E-12  1.116563319289E-10       7   5   0    24
 -1.352793592516E-12 -2.539273348080E-11       7   4   3    48
 -6.334028056037E-12 -1.055141752608E-10       6   6   2    24
  3.079155230852E-12  5.437951375163E-11       7   5   2    48
  4.054115053463E-12  6.846859767886E-11       8   4   0    24
  3.964849500634E-12  6.376573855958E-11       9   1   0    24
  4.038185280964E-12  6.699316871643E-11       8   3   3    24
  3.011704711259E-12  5.164214300784E-11       8   4   2    48
 -2.559576477559E-12 -4.353396349927E-11       9   2   1    48
  6.159163515812E-13  1.729585770848E-11       7   6   1    48
 -1.385723013798E-12 -2.193921292165E-11       6   5   5    24
 -2.949420368297E-12 -4.723457531240E-11       6   6   4    24
 -6.729971235238E-12 -1.111537878845E-10       9   3   0    24
 -4.876348566233E-12 -7.661055857416E-11       8   5   1    48
 -2.161691295396E-12 -3.245231506874E-11       7   5   4    48
  7.537923188104E-13  1.447264107684E-11       9   3   2    48
  2.425900950286E-12  4.630081269595E-11       7   6   3    48
  1.777835883153E-12  3.228892449309E-11       8   4   4    24
 -1.135648873406E-11 -1.853694979449E-10       9   4   1    48
 -6.188141010057E-13 -5.546011162881E-12       8   5   3    48
  2.848953128468E-13  9.219517960517E-12       7   7   0    12
  2.069922490926E-12  3.396923603558E-11      10   0   0     6
 -8.548795729138E-12 -1.375825240231E-10       8   6   0    24
 -2.893277735944E-12 -4.737827457642E-11      10   1   1    24
  5.316284723755E-13  1.386925370412E-11       7   7   2    24
  3.016945193355E-12  5.305341996993E-11      10   2   0    24
 -5.687723520564E-12 -8.858711812207E-11       8   6   2    48
 -3.346134389833E-12 -5.101992610615E-11       9   5   0    24
  2.043517617284E-12  3.748920615917E-11       9   4   3    48
  3.741441959929E-12  6.556114007152E-11      10   2   2    24
 -1.670435365480E-12 -2.554845958565E-11       6   6   6     8
 -9.703067834479E-12 -1.569259232107E-10      10   3   1    48
  4.530881710230E-13  1.304497049837E-11       9   5   2    48
 -1.742727060962E-12 -2.388632676734E-11       7   6   5    48
 -1.676818755751E-12 -2.086639147510E-11       8   7   1    48
  4.049244968926E-13  9.964317332569E-12       8   5   5    24
  3.467242763444E-14  3.724551744294E-12       7   7   4    24
  5.288161805144E-12  9.287150039350E-11      10   4   0    24
  1.056205962735E-12  2.207605316406E-11       8   6   4    48
 -1.990598863360E-12 -3.081620198378E-11      10   3   3    24
  5.498398955127E-12  9.825351315656E-11       9   6   1    48
  8.206114129009E-12  1.415764195165E-10      10   4   2    48
  8.024908890865E-12  1.352521374478E-10      11   1   0    24
  3.152588778731E-12  5.655220446344E-11       9   5   4    48
  2.515554439190E-12  4.637926718039E-11       8   7   3    48
  7.688640959603E-13  1.735845639319E-11      11   2   1    48
  1.142204026646E-12  2.474381890235E-11      10   5   1    48
  6.727007089172E-14  6.265154721167E-12       9   6   3    48
  9.868013308631E-14  4.850810571678E-12       8   8   0    12
  7.323827001233E-13  1.549380232577E-11      11   3   0    24
  3.182262887833E-13  9.518936899004E-12       9   7   0    24
  1.828069911362E-14  3.266195693466E-12      10   4   4    24
 -1.477324336546E-13  1.211196577089E-12       8   8   2    24
  4.926888764460E-13  1.246587334767E-11      11   3   2    48
  2.985508587822E-13  9.183954473657E-12      10   5   3    48
  1.301841463045E-13  6.995922801487E-12       9   7   2    48
  5.062389944267E-13  1.084012566411E-11       7   7   6    24
  5.939004149173E-13  1.332050963168E-11      10   6   0    24
  3.869382008387E-13  8.822061549120E-12       8   6   6    24
  8.251133162532E-13  1.792751701569E-11      11   4   1    48
  2.255167979837E-13  7.070167234482E-12       8   7   5    48
  5.211646058918E-13  1.263171242286E-11      10   6   2    48
  2.596925843143E-13  7.366115870037E-12       9   6   5    48
  5.713154142261E-14  2.164082327232E-12      12   0   0     6
 -1.267933379829E-13 -3.268075467425E-15       8   8   4    24
  1.917542525054E-13  5.473949934585E-12      12   1   1    24
  5.180726152138E-13  1.110412314451E-11      11   5   0    24
  2.083152202545E-13  6.564322546586E-12      11   4   3    48
  3.399676349007E-13  9.159449442880E-12       9   8   1    48
  5.321170983253E-14  3.688182072300E-12       9   7   4    48
  2.427291000211E-13  6.207361590936E-12      12   2   0    24
  4.066759558202E-13  9.645823354701E-12      11   5   2    48
  3.442119807163E-13  8.720173456094E-12      10   7   1    48
  1.257739903197E-13  3.807296919601E-12      10   5   5    24
  2.087093080669E-13  5.367912423961E-12      12   2   2    24
  2.197658736906E-13  5.962185361475E-12      10   6   4    48
  3.358991015134E-13  8.151657953437E-12      12   3   1    48
 -4.232193513416E-14  1.500030270477E-12       9   8   3    48
  2.963046509065E-13  7.130801812109E-12      11   6   1    48
  1.660590856487E-13  4.663163715228E-12      10   7   3    48
  2.188960673854E-13  5.139078220141E-12      12   4   0    24
  6.600214347177E-14  2.372594763212E-12      12   3   3    24
  8.158536151324E-14  2.938127370507E-12      11   5   4    48
  1.257439794527E-13  2.989638567366E-12       9   9   0    12
  4.504806436710E-14  1.541435389771E-12       8   7   7    24
  1.415635281446E-13  4.057714758258E-12      12   4   2    48
  1.197842493283E-13  3.139778695191E-12      10   8   0    24
  1.235185758174E-14  9.525936262629E-13       8   8   6    24
  1.244568907764E-13  3.442124125753E-12      11   6   3    48
  2.555691378112E-14  1.366773634661E-12       9   9   2    24
  7.117385825337E-14  2.202585522687E-12       9   7   6    48
  4.628093139719E-14  1.983543833477E-12      10   8   2    48
 -1.316997153564E-13 -1.313988094995E-12      13   1   0    24
  1.353444641268E-13  3.579581251873E-12      12   5   1    48
  2.746261145513E-14  1.304210009511E-12      11   7   0    24
 -6.114863247717E-14 -1.889391826463E-13       9   8   5    48
  5.564627878029E-14  1.507773881334E-12      10   6   6    24
 -1.388602949630E-13 -1.319549202826E-12      13   2   1    48
  3.266340760912E-14  1.450280767639E-12      11   7   2    48
  3.075476574947E-14  1.238696923486E-12      10   7   5    48
 -5.474485781328E-14 -3.473006709844E-13      12   4   4    24
 -5.184246088826E-14 -2.877125717273E-13      13   3   0    24
 -3.243688530745E-14  1.985014119444E-13      12   5   3    48
 -1.039081890043E-13 -1.381954651617E-12       9   9   4    24
  5.124322678330E-15  5.926664967332E-13      12   6   0    24
 -7.209912433902E-14 -7.358643835554E-13      10   8   4    48
 -8.801256033494E-14 -8.636051698942E-13      13   3   2    48
 -1.102703321930E-14  2.722603065008E-13      11   6   5    48
 -6.341375321125E-15  3.922154377149E-13      10   9   1    48
 -9.407498894805E-15  3.578064317839E-13      12   6   2    48
 -2.143912908487E-14  1.382015687618E-13      13   4   1    48
 -5.484815291347E-14 -5.582852198080E-13      11   8   1    48
 -8.291933379800E-15  2.000470805645E-13      11   7   4    48
 -1.125210979282E-13 -1.727318590850E-12      10   9   3    48
  9.948169382905E-15  1.824883378782E-13       8   8   8     8
  9.965063515043E-15  3.579334770938E-13      13   5   0    24
 -9.516387217686E-14 -1.412585279423E-12      13   4   3    48
 -5.417870381492E-14 -7.313301669789E-13      12   7   1    48
 -6.357071241488E-14 -9.752744716933E-13      12   5   5    24
 -4.494406068004E-14 -6.298646105901E-13      11   8   3    48
  9.611842189891E-15  1.816718668906E-13       9   8   7    48
 -1.116709160646E-13 -1.876607262801E-12      14   0   0     6
 -5.313910201168E-14 -7.794129185387E-13      12   6   4    48
 -1.892265751829E-13 -3.201805347095E-12      14   1   1    24
 -3.090047837663E-14 -3.799269318708E-13      13   5   2    48
  6.380448003067E-15  1.069214331160E-13      10   7   7    24
 -2.957994387070E-14 -5.242950365052E-13       9   9   6    24
 -1.553723117852E-13 -2.646930444737E-12      14   2   0    24
 -1.841218846728E-14 -2.977392713572E-13      10  10   0    12
 -1.835483226351E-14 -3.430686167754E-13      10   8   6    48
 -1.548428684047E-14 -2.270431070774E-13      12   7   3    48
 -4.135862337522E-14 -7.064321925970E-13      11   9   0    24
 -1.063311138835E-13 -1.849965906466E-12      14   2   2    24
 -4.984284161572E-14 -8.840142136263E-13      10  10   2    24
 -1.091351840864E-13 -1.922917862946E-12      14   3   1    48
  4.954835529110E-15  1.060355871058E-13      13   6   1    48
 -5.489625627430E-14 -9.962024559952E-13      11   9   2    48
  2.494402989435E-15 -1.284442985403E-14      11   7   6    48
 -6.822189534938E-14 -1.264499642889E-12      10   9   5    48
 -4.466817614162E-14 -8.102805319555E-13      12   8   0    24
 -7.425346194610E-14 -1.343176590468E-12      13   5   4    48
 -8.504704980711E-15 -2.348205783935E-13      11   8   5    48
 -1.651364434478E-14 -3.418488170869E-13      14   4   0    24
 -2.199211653558E-14 -4.622421395083E-13      12   8   2    48
 -4.273519919640E-14 -8.206103129846E-13      14   3   3    24
 -1.912613935524E-14 -4.050233224399E-13      13   6   3    48
 -3.032634232753E-14 -6.399465642537E-13      14   4   2    48
  2.902244732555E-15 -2.488429171499E-14      12   6   6    24
 -4.876878705268E-14 -9.496306958646E-13      10  10   4    24
  9.510180976720E-16 -5.742396330102E-14      13   7   0    24
  2.048336418896E-14  2.468323658914E-13      12   7   5    48
 -2.607741124248E-14 -5.896815074558E-13      11   9   4    48
  2.617593784596E-14  3.334193435484E-13      14   5   1    48
  1.296504244290E-14  1.104125361308E-13      13   7   2    48
 -2.836985909715E-14 -6.364577771437E-13      11  10   1    48
  3.474067887735E-14  4.806360036880E-13      12   8   4    48
 -8.494929460075E-14 -1.657297828756E-12      15   1   0    24
 -2.878228744846E-14 -6.577417564094E-13      12   9   1    48
  3.741725812973E-14  5.308457105018E-13       9   9   8    24
 -1.881427291283E-14 -4.413957829656E-13      14   4   4    24
  2.126703114631E-14  2.470367340722E-13      10   8   8    24
 -6.822914689834E-14 -1.430710260671E-12      15   2   1    48
 -7.584604797788E-15 -2.843272579515E-13      14   5   3    48
  1.328851825654E-14  9.193422510122E-14      13   6   5    48
 -1.618848041121E-14 -4.483132742478E-13      11  10   3    48
  1.874671653143E-14  1.489166220748E-13      10   9   7    48
  3.524206694105E-14  5.196085609989E-13      14   6   0    24
 -2.461997401952E-14 -5.896845183645E-13      15   3   0    24
 -1.102388264740E-15 -1.764219390553E-13      13   8   1    48
  3.941665676503E-14  5.606214612830E-13      13   7   4    48
  2.440857069650E-14  2.792998578680E-13      12   9   3    48
  2.593743929300E-15 -1.291730317904E-13      11   8   7    48
  2.494217572431E-14  2.954489890303E-13      14   6   2    48
 -1.866164942924E-15 -1.600592187237E-13      10  10   6    24
 -5.058395301874E-15 -2.949256926355E-13      15   3   2    48
  3.852547018046E-15 -1.032764936333E-13      11   9   6    48
  6.211153336408E-15 -8.222176783203E-14      15   4   1    48
  4.489168024176E-14  6.578870872711E-13      13   8   3    48
  4.112214728536E-15 -4.070810529473E-14      12   7   7    24
 -5.343247185106E-15 -1.700675585412E-13      11  11   0    12
 -1.506903394921E-14 -3.787418841720E-13      12  10   0    24
  1.773168941899E-14  1.608538867233E-13      12   8   6    48
  2.841146782037E-14  3.572850024254E-13      14   7   1    48
  6.652713481772E-15  1.156052984938E-14      14   5   5    24
  3.770398534683E-15 -4.333004585751E-14      11  11   2    24
 -4.251401777851E-15 -2.410451986857E-13      11  10   5    48
  1.493804860555E-14  1.229481091300E-13      14   6   4    48
  8.660895150801E-15 -6.787582891472E-17      12  10   2    48
  1.501784071809E-14  1.485989900202E-13      15   5   0    24
  1.450407436349E-14  9.179934283362E-14      15   4   3    48
 -1.862108037865E-14 -4.464385250507E-13      13   9   0    24
  2.698516634348E-14  3.366375046716E-13      12   9   5    48
  9.582326476902E-15  1.431546008812E-14      15   5   2    48
  1.986991604864E-14  2.220682884856E-13      14   7   3    48
  1.300267714402E-14  8.568744940787E-14      13   9   2    48
  2.568774983835E-14  3.205420989855E-13      13   7   6    48
  7.556527042128E-15  6.748197988955E-14      16   0   0     6
  1.186007482492E-14  7.804753436591E-14      16   1   1    24
  3.809178949912E-14  5.570263888716E-13      13   8   5    48
 -2.931636172457E-15 -1.613031874999E-13      11  11   4    24
  5.283866884199E-15 -3.887926168610E-14      16   2   0    24
 -5.690752144720E-15 -2.075587760627E-13      14   8   0    24
  1.392600483970E-14  1.078492812438E-13      12  10   4    48
  8.473101199899E-15  8.135038455027E-15      15   6   1    48
 -4.162551804849E-14 -8.602223678872E-13      10   9   9    24
  8.191454765027E-15  2.311233566986E-14      16   2   2    24
  1.593482962349E-15 -1.070856782275E-13      14   8   2    48
 -3.588423141825E-14 -7.591237100470E-13      10  10   8    24
 -2.770689116232E-15 -2.258553573361E-13      16   3   1    48
 -1.081312576293E-15 -1.558670244427E-13      15   5   4    48
  3.124310826486E-14  4.411015709344E-13      13   9   4    48
 -1.252685885038E-14 -3.630255543272E-13      12  11   1    48
 -6.186757497804E-14 -1.278572761077E-12      11   9   8    48
  1.137752120428E-14  1.148026232521E-13      14   6   6    24
 -1.776393635178E-14 -4.536505887399E-13      15   6   3    48
  1.368232411707E-14  1.252483695858E-13      14   7   5    48
 -3.108617044378E-14 -7.054445908613E-13      13  10   1    48
 -3.995438436885E-14 -8.789742391943E-13      11  10   7    48
 -1.688950544058E-14 -4.243159560856E-13      16   4   0    24
 -4.884842873046E-14 -9.979296020781E-13      12   8   8    24
  2.663227024365E-15 -5.512861261064E-14      16   3   3    24
 -9.396131676053E-15 -2.669201905955E-13      15   7   0    24
 -9.704070666858E-16 -1.561501236449E-13      12  11   3    48
 -5.151707303228E-14 -1.086704361739E-12      12   9   7    48
 -1.386788459662E-14 -4.003701751493E-13      16   4   2    48
  5.011157268113E-15 -2.556154073356E-14      14   8   4    48
 -3.216367591085E-14 -7.165209663756E-13      15   7   2    48
 -4.471313651385E-14 -9.558484223549E-13      14   9   1    48
  1.760836476427E-15 -9.773279383654E-14      13  10   3    48
 -2.533545461716E-14 -5.643420694155E-13      11  11   6    24
 -3.534226554952E-14 -7.840102550679E-13      12  10   6    48
 -3.947849334189E-14 -8.683321060586E-13      16   5   1    48
 -5.061310453904E-14 -1.063966504626E-12      13   8   7    48
 -2.000672300510E-14 -4.898843470496E-13      15   6   5    48
 -1.850280108498E-14 -4.628528157889E-13      14   9   3    48
 -3.633484029819E-14 -7.931799550164E-13      13   9   6    48
 -1.658749608591E-14 -3.926090898302E-13      16   4   4    24
 -2.245983546624E-14 -4.750257957677E-13      12  12   0    12
  4.886210376544E-15 -1.057455568684E-15      17   1   0    24
 -4.141626015979E-14 -8.893510628649E-13      16   5   3    48
 -5.660420595390E-14 -1.175299315123E-12      15   8   1    48
 -4.177365105081E-14 -8.906489757712E-13      15   7   4    48
 -4.251624141241E-14 -8.744800926220E-13      13  11   0    24
 -4.749700517666E-14 -1.008346492541E-12      12  11   5    48
 -3.855678951009E-14 -8.084476009839E-13      16   6   0    24
 -1.790265389974E-14 -4.218239010793E-13      12  12   2    24
 -2.347021735411E-14 -5.700776980632E-13      17   2   1    48
 -2.884066168071E-14 -6.205633290788E-13      14   7   7    24
 -3.334432323786E-14 -7.461441213480E-13      13  11   2    48
 -3.974210902994E-14 -8.560794386093E-13      13  10   5    48
 -6.743641644373E-14 -1.378472318663E-12      16   6   2    48
 -5.944889577590E-14 -1.196346484047E-12      14  10   0    24
 -4.016372059871E-14 -8.622388658518E-13      14   8   6    48
 -3.778790809838E-14 -8.020773046302E-13      17   3   0    24
 -6.147750116706E-14 -1.263973542052E-12      15   8   3    48
 -5.511009610489E-14 -1.153719208710E-12      14  10   2    48
 -5.748548363690E-14 -1.123181961701E-12      10  10  10     8
 -4.869002921042E-14 -1.039556502209E-12      17   3   2    48
 -4.477374584307E-14 -9.466637624807E-13      14   9   5    48
 -1.223891093782E-13 -2.414648751509E-12      11  10   9    48
 -4.077285613208E-14 -8.522868731972E-13      12  12   4    24
 -7.677908772651E-14 -1.573853748722E-12      17   4   1    48
 -7.880672564346E-14 -1.601054738763E-12      16   7   1    48
 -3.519141208410E-14 -7.413079218584E-13      16   5   5    24
 -6.513276467435E-14 -1.309944970400E-12      15   9   0    24
 -5.284938661035E-14 -1.112006809693E-12      13  11   4    48
 -7.854344148101E-14 -1.564975010357E-12      12   9   9    24
 -5.770984480788E-14 -1.172065520140E-12      11  11   8    24
 -6.749275808233E-14 -1.383476964196E-12      16   6   4    48
 -8.825096531906E-14 -1.784878335772E-12      12  10   8    48
 -8.062751537730E-14 -1.638580592655E-12      15   9   2    48
 -4.761103184329E-14 -1.009304987112E-12      15   7   6    48
 -5.506380819775E-14 -1.150524125285E-12      14  10   4    48
 -6.601423498359E-14 -1.339154774826E-12      17   5   0    24
 -6.439141016028E-14 -1.332267155913E-12      17   4   3    48
 -9.176599683595E-14 -1.849327743208E-12      16   7   3    48
 -6.321629057467E-14 -1.303451992912E-12      15   8   5    48
 -6.943190690349E-14 -1.425756196277E-12      13  12   1    48
 -9.375961010256E-14 -1.892366938121E-12      13   9   8    48
 -6.328349406752E-14 -1.314026895519E-12      12  11   7    48
 -8.742173953279E-14 -1.776595968793E-12      17   5   2    48
 -8.899795723120E-14 -1.802389884369E-12      14  11   1    48
 -7.655886084981E-14 -1.563722867960E-12      13  10   7    48
 -6.580547337528E-14 -1.332352470099E-12      16   8   0    24
 -7.500929353748E-14 -1.534854995407E-12      15   9   4    48
 -5.853618413038E-14 -1.230135076703E-12      13  12   3    48
 -9.883559524511E-14 -1.997463758243E-12      16   8   2    48
 -5.920673082836E-14 -1.204396597479E-12      14   8   8    24
 -5.509781417879E-14 -1.125789731305E-12      12  12   6    24
 -9.780139250365E-14 -1.984997758248E-12      17   6   1    48
 -1.036743034093E-13 -2.091809790066E-12      15  10   1    48
 -6.357761426133E-14 -1.325713346944E-12      14  11   3    48
 -8.064746256388E-14 -1.642223793482E-12      14   9   7    48
 -7.926548385782E-14 -1.615979009281E-12      13  11   6    48
 -4.125249034909E-14 -8.661248374630E-13      16   6   6    24
 -7.461250403893E-14 -1.535458205321E-12      17   5   4    48
 -7.149994624712E-14 -1.477414575759E-12      16   7   5    48
 -8.176785328663E-14 -1.662999540511E-12      14  10   6    48
 -9.290697302577E-14 -1.892799365546E-12      17   6   3    48
 -7.745472720012E-14 -1.594910258880E-12      15  10   3    48
 -8.912367630138E-14 -1.820551890569E-12      16   8   4    48
 -6.718023374415E-14 -1.372518146755E-12      17   7   0    24
 -1.016988518316E-13 -2.066600843776E-12      16   9   1    48
 -6.903368470161E-14 -1.425615540704E-12      15   8   7    48
 -4.485973721273E-14 -9.130112232785E-13      13  13   0    12
 -9.175393144464E-14 -1.864078869048E-12      13  12   5    48
 -6.958095183299E-14 -1.411588267864E-12      14  12   0    24
 -9.853438823545E-14 -2.010859116045E-12      17   7   2    48
 -7.860325627062E-14 -1.608918922946E-12      15   9   6    48
 -8.616349557280E-14 -1.755553950560E-12      14  11   5    48
 -4.831940504378E-14 -1.005255140269E-12      13  13   2    24
 -7.206408063543E-14 -1.455170871070E-12      11  11  10    24
 -7.335564111733E-14 -1.519643045758E-12      14  12   2    48
 -6.147524564474E-14 -1.254179148243E-12      12  10  10    24
 -8.931174061445E-14 -1.833148030897E-12      16   9   3    48
 -7.740252162655E-14 -1.568476225617E-12      15  11   0    24
 -6.241529845835E-14 -1.301385629839E-12      12  11   9    48
 -6.572235725304E-14 -1.378010220742E-12      17   6   5    48
 -8.277791081192E-14 -1.705753224541E-12      15  11   2    48
 -8.186209183363E-14 -1.676577284385E-12      15  10   5    48
 -6.420243514250E-14 -1.338321259354E-12      13  10   9    48
 -2.489050858426E-14 -5.464287943083E-13      12  12   8    24
 -9.000915060535E-14 -1.853232135107E-12      17   8   1    48
 -7.933101495874E-14 -1.645405154655E-12      17   7   4    48
 -3.808685302226E-14 -8.065431958405E-13      16   7   7    24
 -5.742209737086E-14 -1.181395038443E-12      13  13   4    24
 -4.466136362984E-14 -9.557313416421E-13      13  11   8    48
 -7.180612780857E-14 -1.467118460571E-12      16  10   0    24
 -6.310741143913E-14 -1.320114025344E-12      16   8   6    48
 -7.786923119820E-14 -1.605526135615E-12      14  12   4    48
 -4.307481532686E-14 -8.999485505518E-13      14   9   9    24
 -8.415196127537E-14 -1.738716785812E-12      16  10   2    48
 -5.744302633760E-14 -1.202207277873E-12      14  10   8    48
 -8.190511901311E-14 -1.699459958347E-12      17   8   3    48
 -7.361179508075E-14 -1.526254549091E-12      16   9   5    48
 -7.271437561352E-14 -1.506242083843E-12      15  11   4    48
 -5.030644163480E-14 -1.059824536258E-12      13  12   7    48
 -7.954684309486E-14 -1.640674163289E-12      14  13   1    48
 -6.018152003312E-14 -1.250749438210E-12      14  11   7    48
 -5.697286955408E-14 -1.182325410595E-12      17   9   0    24
 -8.433316369731E-14 -1.737537335761E-12      15  12   1    48
 -5.470719659916E-14 -1.145681686074E-12      15   9   8    48
 -6.743777153569E-14 -1.407981835740E-12      16  10   4    48
 -7.173122445166E-14 -1.500357123138E-12      17   9   2    48
 -4.189004907043E-14 -9.103332607843E-13      17   7   6    48
 -6.276634443666E-14 -1.300662383525E-12      15  10   7    48
 -6.110814516103E-14 -1.279753619683E-12      14  13   3    48
 -5.166541765431E-14 -1.062789270855E-12      13  13   6    24
 -7.300655756721E-14 -1.501190269016E-12      14  12   6    48
 -5.264105550057E-14 -1.121760177376E-12      17   8   5    48
 -7.989481523326E-14 -1.655019996432E-12      16  11   1    48
 -5.892237338310E-14 -1.237057864814E-12      15  12   3    48
 -6.918285172734E-14 -1.425934137838E-12      15  11   6    48
 -2.962875218737E-14 -6.305778626625E-13      16   8   8    24
 -5.218388623232E-14 -1.111362651253E-12      17   9   4    48
 -5.430388242526E-14 -1.147319868825E-12      16  11   3    48
 -4.798021073048E-14 -1.010876162150E-12      16   9   7    48
 -3.381756426629E-14 -7.070592477046E-13      12  11  11    24
 -2.165525666298E-14 -4.666928421760E-13      12  12  10    24
 -6.158642783718E-14 -1.295242985733E-12      17  10   1    48
 -7.036697076288E-14 -1.451205234748E-12      14  13   5    48
 -2.689504383533E-14 -5.867754455391E-13      13  11  10    48
 -5.540473918761E-14 -1.156623368036E-12      16  10   6    48
 -3.370609186444E-14 -6.992394884792E-13      14  14   0    12
 -4.749343127301E-14 -9.863804450233E-13      15  13   0    24
 -6.072855574845E-14 -1.260009213822E-12      15  12   5    48
 -8.953700654956E-15 -2.274655300240E-13      13  12   9    48
 -3.502025189190E-14 -7.375721698959E-13      14  14   2    24
 -1.367638876519E-14 -3.075290493597E-13      14  10  10    24
 -4.235507004657E-14 -9.105840704495E-13      17  10   3    48
 -4.838822080498E-14 -1.020922501240E-12      15  13   2    48
 -1.608622064073E-14 -3.675566508350E-13      14  11   9    48
 -4.321264295589E-14 -9.032624915047E-13      16  12   0    24
 -2.371117915166E-14 -5.289011650399E-13      17   8   7    48
 -4.762226659481E-14 -1.000874650777E-12      16  11   5    48
 -7.891885181186E-15 -1.867593088040E-13      13  13   8    24
 -4.329075868828E-14 -9.203237098009E-13      16  12   2    48
 -1.818060189988E-14 -4.030321785181E-13      14  12   8    48
 -2.883428220811E-14 -6.300859929966E-13      17   9   6    48
 -2.049676829140E-14 -4.504234095981E-13      15  10   9    48
 -3.218492257281E-14 -6.752441941904E-13      14  14   4    24
 -2.980895174488E-14 -6.360419763918E-13      17  11   0    24
 -3.998834213156E-14 -8.442954655191E-13      15  13   4    48
 -2.695751816174E-14 -5.757264469065E-13      15  11   8    48
 -2.976593004093E-14 -6.490557982859E-13      17  11   2    48
 -2.653289253762E-14 -5.809339109087E-13      17  10   5    48
 -3.222000614908E-14 -6.781982649877E-13      14  13   7    48
 -2.792796728695E-14 -6.026901421839E-13      16  12   4    48
 -1.402494124220E-14 -3.047270016402E-13      16   9   9    24
 -3.358184392157E-14 -7.045443070426E-13      15  12   7    48
 -2.414270218925E-14 -5.164598723667E-13      16  10   8    48
 -3.297648814206E-14 -7.004562515969E-13      15  14   1    48
 -1.280372070618E-14 -2.981491495076E-13      17  11   4    48
 -2.436074208973E-14 -5.285473040072E-13      16  13   1    48
 -2.677901037010E-14 -5.674528440467E-13      16  11   7    48
 -2.380491160879E-14 -4.977008351739E-13      14  14   6    24
 -1.847062668876E-14 -4.030131051253E-13      15  14   3    48
 -2.943287340115E-14 -6.183579863884E-13      15  13   6    48
 -1.467429148246E-14 -3.028328572276E-13      12  12  12     8
 -6.277723633222E-15 -1.635519701668E-13      17  12   1    48
 -8.841279065997E-15 -2.052944361881E-13      17   9   8    48
 -8.269734531674E-15 -1.971528705572E-13      16  13   3    48
 -2.259880628027E-14 -4.727961756831E-13      13  12  11    48
 -1.668512872681E-14 -3.609899732893E-13      16  12   6    48
 -6.685017669527E-15 -1.612317061852E-13      17  10   7    48
 -8.795162283133E-15 -1.889961289592E-13      14  11  11    24
 -6.328657174888E-15 -1.384286388533E-13      13  13  10    24
 -7.564291305147E-15 -1.676801732422E-13      14  12  10    48
  5.611209680253E-15  8.481491846671E-14      17  12   3    48
  4.674164389110E-15  7.176046183211E-14      17  11   6    48
 -1.222032052982E-14 -2.654727394026E-13      15  14   5    48
 -6.045072646243E-15 -1.355116526521E-13      15  11  10    48
 -3.509827513434E-15 -8.289822936878E-14      14  13   9    48
  1.867293972961E-15  2.076863806515E-14      16  13   5    48
 -1.576687625053E-15 -4.160096027992E-14      15  15   0    12
 -5.246296735671E-15 -1.176284129660E-13      15  12   9    48
  7.758717731268E-15  1.432282013994E-13      16  14   0    24
  4.598101897372E-15  8.187134348616E-14      15  15   2    24
  1.647418728150E-14  3.181174370761E-13      16  14   2    48
 -2.094524860811E-15 -4.955002776776E-14      16  10  10    24
 -3.044690351407E-16 -1.232978240711E-14      14  14   8    24
  2.509730257176E-14  4.958769947037E-13      17  13   0    24
  2.107804474980E-14  4.124165899308E-13      17  12   5    48
 -7.326438297540E-16 -2.441417377704E-14      16  11   9    48
  1.056161440611E-15  1.288299923264E-14      15  13   8    48
  3.541667432536E-14  7.045530860208E-13      17  13   2    48
  9.145392011919E-15  1.781722207512E-13      16  12   8    48
  8.933367440910E-15  1.759264759515E-13      15  15   4    24
  2.163603412801E-14  4.328116099102E-13      16  14   4    48
  7.138154118839E-15  1.386825481332E-13      17  10   9    48
  1.285257734647E-14  2.572279880533E-13      15  14   7    48
  3.815791502612E-14  7.717795817737E-13      17  13   4    48
  2.220084692941E-14  4.469442962027E-13      17  11   8    48
  2.714951698419E-14  5.498762923791E-13      16  13   7    48
  4.601379692478E-14  9.380890394101E-13      17  12   7    48
  5.123355685153E-14  1.045563542320E-12      16  15   1    48
  1.964578807955E-14  4.028080709822E-13      13  13  12    24
  2.203709822927E-14  4.523222940085E-13      14  12  12    24
  7.345856485411E-14  1.501615904056E-12      17  14   1    48
  1.950077682650E-14  3.995777201135E-13      15  15   6    24
  3.180683512114E-14  6.536837175036E-13      14  13  11    48
  4.004602006107E-14  8.213965470026E-13      16  14   6    48
  5.440647577223E-14  1.116713159103E-12      16  15   3    48
  4.241689138519E-14  8.726454545214E-13      15  12  11    48
  2.866695842371E-14  5.905638630944E-13      14  14  10    24
  6.772521549706E-14  1.391508140052E-12      17  14   3    48
  5.901526646453E-14  1.212880689361E-12      17  13   6    48
  4.934942272898E-14  1.016711179664E-12      15  13  10    48
  4.108747348418E-14  8.471922270397E-13      16  11  11    24
  6.638539364921E-14  1.369370733951E-12      16  12  10    48
  6.433732879546E-14  1.329029758649E-12      15  14   9    48
  5.864297226359E-14  1.213481789642E-12      16  15   5    48
  8.390372770333E-14  1.733792459747E-12      16  13   9    48
  6.610836224541E-14  1.368916061636E-12      17  14   5    48
  7.083333621184E-14  1.465328104989E-12      17  11  10    48
  3.945551608664E-14  8.174945622473E-13      16  16   0    12
  6.362734424910E-14  1.317953605590E-12      17  15   0    24
  9.157655702527E-14  1.895897412493E-12      17  12   9    48
  5.519567934052E-14  1.144583351446E-12      15  15   8    24
  6.399098981408E-14  1.327330685137E-12      16  16   2    24
  9.160124612604E-14  1.899321928868E-12      16  14   8    48
  9.331339417412E-14  1.935862797059E-12      17  15   2    48
  1.031299985824E-13  2.140420136907E-12      17  13   8    48
  6.884298397301E-14  1.432993296860E-12      16  16   4    24
  8.611022538855E-14  1.793944534707E-12      17  15   4    48
  8.526027686630E-14  1.776311092597E-12      16  15   7    48
  8.700637084067E-14  1.813724404377E-12      17  14   7    48
  4.936385420310E-14  1.029840702285E-12      14  13  13    24
  5.172182277883E-14  1.079404888911E-12      14  14  12    24
  7.990882207305E-14  1.667876030335E-12      15  13  12    48
  8.113180205293E-14  1.694847048070E-12      15  14  11    48
  6.463833275910E-14  1.350210737446E-12      16  12  12    24
  6.942643930661E-14  1.454347153501E-12      17  16   1    48
  9.176291309318E-14  1.917560422515E-12      16  13  11    48
  5.965754086726E-14  1.248847064049E-12      16  16   6    24
  6.589932637411E-14  1.381706074835E-12      17  15   6    48
  5.151731892412E-14  1.078691380205E-12      15  15  10    24
  7.997054756285E-14  1.674246259375E-12      16  14  10    48
  6.648628241599E-14  1.395814941334E-12      17  16   3    48
  7.430432360752E-14  1.556056267619E-12      17  12  11    48
  6.744093800862E-14  1.414015337426E-12      17  13  10    48
  3.960192849782E-14  8.348071790266E-13      16  15   9    48
  2.758872147959E-14  5.835564660906E-13      17  14   9    48
  2.217684636513E-14  4.729176587111E-13      17  16   5    48
 -2.080718088476E-14 -4.299446405625E-13      16  16   8    24
 -1.151993425276E-14 -2.366143865860E-13      17  17   0    12
 -4.473074710878E-14 -9.293166929452E-13      17  15   8    48
 -4.393099410548E-14 -9.142743903091E-13      17  17   2    24
 -2.012267437791E-14 -4.199506566843E-13      14  14  14     8
 -6.356515814105E-14 -1.328536174182E-12      15  14  13    48
 -1.006356432370E-13 -2.107267883871E-12      17  17   4    24
 -1.434125493486E-13 -3.003582028382E-12      17  16   7    48
 -7.736540755231E-14 -1.620881536803E-12      16  13  13    24
 -5.634631223976E-14 -1.179377742112E-12      15  15  12    24
 -1.118513598986E-13 -2.344250714109E-12      16  14  12    48
 -1.835212756738E-13 -3.853557574475E-12      17  13  12    48
 -1.331722779110E-13 -2.794386252250E-12      16  15  11    48
 -1.869595016389E-13 -3.927924851432E-12      17  14  11    48
 -1.446091644177E-13 -3.040271552485E-12      16  16  10    24
 -1.898824014677E-13 -3.992964636542E-12      17  17   6    24
 -2.132478449052E-13 -4.485028284496E-12      17  15  10    48
 -2.546172997219E-13 -5.363020395239E-12      17  16   9    48
 -9.986725885486E-14 -2.104236377959E-12      17  17   8    24
 -2.961584523993E-14 -6.231647514209E-13      15  15  14    24
 -1.097634365869E-14 -2.291957330601E-13      16  14  14    24
  2.422014227029E-14  5.162868791541E-13      16  15  13    48
  1.253596740441E-13  2.655791934085E-12      17  14  13    48
  1.365792434135E-13  2.892720139324E-12      16  16  12    24
  2.577915535470E-13  5.459369864865E-12      17  15  12    48
  6.383550598655E-13  1.352242336843E-11      17  16  11    48
  1.019647297534E-12  2.161639831883E-11      17  17  10    24
  2.903171334462E-12  6.165487316234E-11      16  15  15    24
  3.473054033488E-12  7.376634692552E-11      16  16  14    24
  5.720218090319E-12  1.215094795269E-10      17  15  14    48
  7.105804861036E-12  1.509777264751E-10      17  16  13    48
  6.555320459326E-12  1.393443333312E-10      17  17  12    24
  6.256314827861E-12  1.332689264887E-10      16  16  16     8
  1.961154983512E-11  4.177874477380E-10      17  16  15    48
  1.556850890795E-11  3.317080641181E-10      17  17  14    24
 -4.779943666490E-11 -1.020255652223E-09      17  17  16    24
