 format  1  0
dim                                     
                   3
crystal_system                          
             'cubic'
N_cell_param                            
                   1
cell_param                              
    2.0567575263E+00
group_name                              
          'I m -3 m'
N_monomer                               
                   2
N_star                                  
                 570
  1.875000000000E+01  6.250000000000E+00       0   0   0     1
 -8.422371364417E+00  6.290105323309E+00       1   1   0    12
 -8.991499070850E-01  1.824732367689E+00       2   0   0     6
  1.688313099107E+00  7.976688397150E-01       2   1   1    24
  1.382310881649E+00 -4.465575479242E-01       2   2   0    12
  1.247576623812E+00 -1.059166048350E+00       3   1   0    24
  2.375921889730E-01 -7.340344986756E-01       2   2   2     8
 -3.724057893355E-01 -1.535930733118E+00       3   2   1    48
 -2.912858645605E-01 -3.628549822228E-01       4   0   0     6
 -7.007437681197E-01 -4.425441469548E-01       4   1   1    24
 -5.213922701072E-01 -3.314102530470E-01       3   3   0    12
 -6.485095019711E-01 -1.648588328487E-01       4   2   0    24
 -5.170856082678E-01  6.873187084277E-02       3   3   2    24
 -3.041846914539E-01  2.351404375691E-01       4   2   2    24
 -9.245439490800E-02  3.106890540397E-01       5   1   0    24
 -1.588669860842E-01  4.688340108525E-01       4   3   1    48
  2.316685819849E-01  4.856964792038E-01       5   2   1    48
  1.677170436401E-01  2.238452025819E-01       4   4   0    12
  2.623348478965E-01  2.453982179680E-01       5   3   0    24
  2.755595176845E-01  2.601802651157E-01       4   3   3    24
  1.186259701646E-01  7.614286301135E-02       6   0   0     6
  2.690147108342E-01  1.838517375456E-01       4   4   2    24
  2.125048456802E-01  8.857576204754E-02       6   1   1    24
  3.312060656567E-01  1.485733503232E-01       5   3   2    48
  1.725162816670E-01  2.802427113129E-02       6   2   0    24
  1.923145449936E-01 -2.921528908937E-02       5   4   1    48
  7.374584723978E-02 -6.805592543110E-02       6   2   2    24
  3.555086621061E-02 -1.407040564647E-01       6   3   1    48
 -8.932645850955E-03 -7.255439467282E-02       4   4   4     8
 -5.419832265757E-02 -1.205569450062E-01       7   1   0    24
 -3.647850798230E-02 -9.237404061215E-02       5   5   0    12
 -7.469364588627E-02 -1.898162098868E-01       5   4   3    48
 -7.795098207329E-02 -1.282618834219E-01       6   4   0    24
 -1.293842205941E-01 -1.587693046760E-01       7   2   1    48
 -9.579676221109E-02 -1.220117098747E-01       6   3   3    24
 -9.652470790120E-02 -1.241624760033E-01       5   5   2    24
 -1.463326517911E-01 -1.523978433385E-01       6   4   2    48
 -9.826850317573E-02 -8.266722177325E-02       7   3   0    24
 -1.167213160873E-01 -6.286850907136E-02       7   3   2    48
 -1.222417863763E-01 -6.830036573544E-02       6   5   1    48
 -3.015313263513E-02 -9.146692188336E-03       8   0   0     6
 -4.622763346536E-02 -2.321398775500E-03       8   1   1    24
 -7.559038800181E-02 -1.003030718789E-02       7   4   1    48
 -5.912554063631E-02 -1.016884492362E-02       5   5   4    24
 -3.148343431848E-02  1.188272473519E-02       8   2   0    24
 -4.082341422209E-02  7.585140026167E-03       6   4   4    24
 -3.351499512704E-02  3.104775641168E-02       6   5   3    48
 -3.319132463184E-03  3.346297096013E-02       8   2   2    24
 -5.210133229427E-03  2.319476184184E-02       6   6   0    12
  1.251863898251E-02  5.715803267248E-02       8   3   1    48
  6.817068596739E-03  4.078837143239E-02       7   5   0    24
  9.659228007985E-03  5.846674808629E-02       7   4   3    48
  1.784907558761E-02  4.658151243131E-02       6   6   2    24
  3.852608206201E-02  6.891658824015E-02       7   5   2    48
  3.349443925073E-02  4.682350901779E-02       8   4   0    24
  3.604332140112E-02  4.126206783985E-02       9   1   0    24
  3.769177175079E-02  4.521031004762E-02       8   3   3    24
  5.594581249675E-02  5.892562859292E-02       8   4   2    48
  5.255476742969E-02  4.719037921449E-02       9   2   1    48
  5.726859592947E-02  5.427736635561E-02       7   6   1    48
  4.236783426448E-02  4.057554664544E-02       6   5   5    24
  4.063599265937E-02  3.437409752783E-02       6   6   4    24
  3.266359102409E-02  2.250306148898E-02       9   3   0    24
  4.975292302698E-02  3.583515766827E-02       8   5   1    48
  5.272657523210E-02  3.881739729814E-02       7   5   4    48
  3.475056245349E-02  1.537454530533E-02       9   3   2    48
  3.987053414914E-02  1.985040331155E-02       7   6   3    48
  2.207859032221E-02  7.067340494669E-03       8   4   4    24
  2.078857646882E-02  1.639431208031E-04       9   4   1    48
  2.355062046286E-02  1.989884776774E-03       8   5   3    48
  1.187561047843E-02  1.159029183276E-03       7   7   0    12
  3.601925267485E-03 -2.990635091127E-03      10   0   0     6
  1.103937459144E-02 -3.683580945147E-03       8   6   0    24
  2.878875807021E-03 -9.460111159481E-03      10   1   1    24
  6.404079166166E-03 -7.840893916984E-03       7   7   2    24
 -1.127105828062E-03 -1.232212888892E-02      10   2   0    24
  1.835787203619E-03 -1.642914194806E-02       8   6   2    48
 -3.602442315884E-03 -1.445774592031E-02       9   5   0    24
 -5.107251032750E-03 -2.059997625549E-02       9   4   3    48
 -7.825525542835E-03 -1.614462972137E-02      10   2   2    24
 -3.779449980274E-03 -9.853902250434E-03       6   6   6     8
 -1.469092561326E-02 -2.418727271838E-02      10   3   1    48
 -1.419798462562E-02 -2.497870181977E-02       9   5   2    48
 -1.399201667476E-02 -2.613294789763E-02       7   6   5    48
 -1.986569633188E-02 -2.613907229338E-02       8   7   1    48
 -1.437834932464E-02 -1.904907330481E-02       8   5   5    24
 -1.437763507427E-02 -1.913553775826E-02       7   7   4    24
 -1.474017282225E-02 -1.670952678280E-02      10   4   0    24
 -2.201506964371E-02 -2.612206483475E-02       8   6   4    48
 -1.519329507322E-02 -1.575394178972E-02      10   3   3    24
 -2.208743110026E-02 -2.348285416896E-02       9   6   1    48
 -2.135508507668E-02 -2.033993397547E-02      10   4   2    48
 -1.345044208774E-02 -1.124353012042E-02      11   1   0    24
 -2.188662328716E-02 -1.963156462942E-02       9   5   4    48
 -2.221961828860E-02 -2.012086241072E-02       8   7   3    48
 -1.612244044046E-02 -1.093147784652E-02      11   2   1    48
 -1.777537510142E-02 -1.275719436304E-02      10   5   1    48
 -1.896175535178E-02 -1.402678365136E-02       9   6   3    48
 -8.454053677736E-03 -5.555151833977E-03       8   8   0    12
 -8.560439107319E-03 -4.064487823922E-03      11   3   0    24
 -1.018638147910E-02 -5.614188802886E-03       9   7   0    24
 -8.070910390544E-03 -3.215693022134E-03      10   4   4    24
 -8.731358668129E-03 -3.820008895370E-03       8   8   2    24
 -7.602669398162E-03 -8.933234322889E-04      11   3   2    48
 -8.947639085438E-03 -1.943190056396E-03      10   5   3    48
 -9.592874816294E-03 -2.486014976038E-03       9   7   2    48
 -7.498541981727E-03 -2.245919677107E-03       7   7   6    24
 -4.530803303834E-03  3.437901594482E-04      10   6   0    24
 -5.511097774940E-03 -2.804172344672E-04       8   6   6    24
 -3.111392339142E-03  3.243884005784E-03      11   4   1    48
 -5.133132316728E-03  2.046417578935E-03       8   7   5    48
 -1.820720389773E-03  4.532698311799E-03      10   6   2    48
 -1.805211613637E-04  6.049579803191E-03       9   6   5    48
  1.192357463823E-03  2.736925506385E-03      12   0   0     6
  1.270485210644E-03  5.276897794231E-03       8   8   4    24
  3.322168644066E-03  5.985914744839E-03      12   1   1    24
  2.967804854067E-03  6.007824480766E-03      11   5   0    24
  4.213351687668E-03  8.538578415655E-03      11   4   3    48
  3.700973343020E-03  8.479016466103E-03       9   8   1    48
  3.675042525007E-03  8.614467805010E-03       9   7   4    48
  4.110102071310E-03  6.328418329855E-03      12   2   0    24
  6.587127792004E-03  9.554255014762E-03      11   5   2    48
  6.462894605606E-03  9.700208143073E-03      10   7   1    48
  4.627725907945E-03  6.983694709519E-03      10   5   5    24
  5.227358221930E-03  6.543338780026E-03      12   2   2    24
  7.479426554356E-03  1.007598012045E-02      10   6   4    48
  7.855085920788E-03  9.097347325218E-03      12   3   1    48
  8.161203098087E-03  1.013300183047E-02       9   8   3    48
  8.504045598968E-03  8.871034388631E-03      11   6   1    48
  8.772444860529E-03  9.318829162751E-03      10   7   3    48
  5.704890190467E-03  5.424870034084E-03      12   4   0    24
  5.529911274005E-03  4.932309431552E-03      12   3   3    24
  8.330275389233E-03  7.654538647034E-03      11   5   4    48
  4.253922863995E-03  3.976516410651E-03       9   9   0    12
  6.405303451443E-03  6.081064929412E-03       8   7   7    24
  7.406920167336E-03  6.171584225254E-03      12   4   2    48
  5.709208206518E-03  4.972829537787E-03      10   8   0    24
  6.123398116210E-03  5.436011283475E-03       8   8   6    24
  7.406467266777E-03  5.919059023889E-03      11   6   3    48
  5.447494433773E-03  4.443811337924E-03       9   9   2    24
  8.085421996465E-03  6.672402029411E-03       9   7   6    48
  6.998592580924E-03  5.237656152697E-03      10   8   2    48
  3.429314256266E-03  1.979304347824E-03      13   1   0    24
  5.549179150770E-03  3.508082164714E-03      12   5   1    48
  4.236648358780E-03  2.806381302842E-03      11   7   0    24
  6.640448774751E-03  4.594999382833E-03       9   8   5    48
  4.038606541117E-03  2.444989680230E-03      10   6   6    24
  3.383417055790E-03  1.161453459461E-03      13   2   1    48
  4.438562351580E-03  2.114977914261E-03      11   7   2    48
  4.837694780628E-03  2.452336125244E-03      10   7   5    48
  2.287946304239E-03  6.340473173761E-04      12   4   4    24
  1.332598877322E-03 -2.279811164873E-04      13   3   0    24
  2.426291247414E-03  9.697163858194E-05      12   5   3    48
  2.190584932376E-03  4.411052723475E-04       9   9   4    24
  1.145942526698E-03 -4.547473837852E-04      12   6   0    24
  2.171846014681E-03 -2.562090095294E-04      10   8   4    48
  4.694135332356E-04 -1.572726202552E-03      13   3   2    48
  1.196892202263E-03 -1.112283096622E-03      11   6   5    48
  1.241400109268E-03 -1.050243338213E-03      10   9   1    48
  1.649571514081E-04 -1.895424938950E-03      12   6   2    48
 -7.765240655898E-04 -2.536287997203E-03      13   4   1    48
 -3.197899795434E-04 -2.309275866442E-03      11   8   1    48
 -2.894579517320E-04 -2.320947527304E-03      11   7   4    48
 -1.462456237469E-03 -3.152923152088E-03      10   9   3    48
 -7.938028739375E-04 -1.448001373943E-03       8   8   8     8
 -1.794375083855E-03 -2.508503937473E-03      13   5   0    24
 -2.545655359345E-03 -3.560083568526E-03      13   4   3    48
 -2.468689441191E-03 -3.605241751753E-03      12   7   1    48
 -1.761083673149E-03 -2.580453071052E-03      12   5   5    24
 -2.434874458669E-03 -3.664599174152E-03      11   8   3    48
 -2.421988053234E-03 -3.786719437357E-03       9   8   7    48
 -9.993111287701E-04 -1.227632452278E-03      14   0   0     6
 -2.806483147163E-03 -3.750938103280E-03      12   6   4    48
 -2.105856460666E-03 -2.433191799112E-03      14   1   1    24
 -3.017592831685E-03 -3.631874026696E-03      13   5   2    48
 -2.196404471279E-03 -2.819527501894E-03      10   7   7    24
 -2.194664100785E-03 -2.823765524986E-03       9   9   6    24
 -2.171028922569E-03 -2.373790029632E-03      14   2   0    24
 -1.603919341293E-03 -1.894880305084E-03      10  10   0    12
 -3.315486472738E-03 -3.968791396972E-03      10   8   6    48
 -3.314911467298E-03 -3.642900290360E-03      12   7   3    48
 -2.346038181554E-03 -2.603976707500E-03      11   9   0    24
 -2.185564762376E-03 -2.159857363346E-03      14   2   2    24
 -2.403335130874E-03 -2.539356849524E-03      10  10   2    24
 -3.025328780210E-03 -2.845618740629E-03      14   3   1    48
 -3.196575084776E-03 -3.101964878924E-03      13   6   1    48
 -3.371625575959E-03 -3.373149570385E-03      11   9   2    48
 -3.471577170328E-03 -3.493733025210E-03      11   7   6    48
 -3.491182786167E-03 -3.529416257474E-03      10   9   5    48
 -2.276911089273E-03 -2.142312828906E-03      12   8   0    24
 -2.997998841310E-03 -2.627925783128E-03      13   5   4    48
 -3.269662669646E-03 -2.968900137740E-03      11   8   5    48
 -1.830900097509E-03 -1.461387315182E-03      14   4   0    24
 -2.944654991490E-03 -2.491793328298E-03      12   8   2    48
 -1.687458815286E-03 -1.258370814782E-03      14   3   3    24
 -2.612891052407E-03 -2.031999090241E-03      13   6   3    48
 -2.155082972038E-03 -1.480857003548E-03      14   4   2    48
 -1.821005120628E-03 -1.359181373625E-03      12   6   6    24
 -1.881839739063E-03 -1.428420943304E-03      10  10   4    24
 -1.491301752725E-03 -9.819044054433E-04      13   7   0    24
 -2.310330253659E-03 -1.585307115775E-03      12   7   5    48
 -2.375377855337E-03 -1.655327411984E-03      11   9   4    48
 -1.381326612922E-03 -5.959391934398E-04      14   5   1    48
 -1.575163612308E-03 -7.750673723709E-04      13   7   2    48
 -1.738896756868E-03 -9.325518332172E-04      11  10   1    48
 -1.439502360976E-03 -6.029241103724E-04      12   8   4    48
 -4.397459000503E-04  9.370407861521E-05      15   1   0    24
 -1.108354669154E-03 -2.783309824943E-04      12   9   1    48
 -9.472006915516E-04 -3.215110707384E-04       9   9   8    24
 -4.188299277882E-04  1.325906513788E-04      14   4   4    24
 -7.174025235277E-04 -9.550789429958E-05      10   8   8    24
 -1.538798885039E-04  5.490173616501E-04      15   2   1    48
 -3.400490029735E-04  4.140012275087E-04      14   5   3    48
 -4.865600167326E-04  3.104842173950E-04      13   6   5    48
 -6.037168529809E-04  2.176723787642E-04      11  10   3    48
 -7.053678011054E-04  1.552368211360E-04      10   9   7    48
 -6.967159487958E-05  4.368220662279E-04      14   6   0    24
  1.857494774811E-04  6.244030002179E-04      15   3   0    24
  2.652726809768E-05  7.382360503885E-04      13   8   1    48
  1.719210721420E-05  7.394012188272E-04      13   7   4    48
 -4.449182151041E-05  6.973219739207E-04      12   9   3    48
 -1.218364092670E-04  6.626214887004E-04      11   8   7    48
  3.298268575565E-04  9.572600455417E-04      14   6   2    48
  8.737458790326E-05  6.084449774301E-04      10  10   6    24
  6.121882728413E-04  1.128690534391E-03      15   3   2    48
  3.628246584267E-04  1.039479608803E-03      11   9   6    48
  8.841958464700E-04  1.283262392756E-03      15   4   1    48
  7.928123455080E-04  1.287024673041E-03      13   8   3    48
  5.419689191013E-04  9.214042053383E-04      12   7   7    24
  3.798489829129E-04  6.364784563997E-04      11  11   0    12
  6.437372476029E-04  9.559332555369E-04      12  10   0    24
  9.184734171533E-04  1.386116979974E-03      12   8   6    48
  1.055063904359E-03  1.381243495840E-03      14   7   1    48
  7.515347950179E-04  9.856041204492E-04      14   5   5    24
  7.283374540981E-04  1.000041805707E-03      11  11   2    24
  1.038845544914E-03  1.444387888032E-03      11  10   5    48
  1.143608265202E-03  1.410092439134E-03      14   6   4    48
  1.130478937176E-03  1.441462182005E-03      12  10   2    48
  8.385715866890E-04  9.499488736251E-04      15   5   0    24
  1.188797416380E-03  1.346958136582E-03      15   4   3    48
  8.479626166416E-04  1.008257958474E-03      13   9   0    24
  1.224154276407E-03  1.481759465781E-03      12   9   5    48
  1.224097344284E-03  1.270618174479E-03      15   5   2    48
  1.260507097964E-03  1.343529615683E-03      14   7   3    48
  1.277627464341E-03  1.382014922965E-03      13   9   2    48
  1.302849620060E-03  1.414971091484E-03      13   7   6    48
  4.056763043766E-04  3.920492242039E-04      16   0   0     6
  7.894044330194E-04  7.321762294987E-04      16   1   1    24
  1.298016657147E-03  1.294421602389E-03      13   8   5    48
  9.295304683123E-04  9.359319266223E-04      11  11   4    24
  7.588971868259E-04  6.744581884523E-04      16   2   0    24
  8.530095432924E-04  8.019961547381E-04      14   8   0    24
  1.283824196723E-03  1.236921652568E-03      12  10   4    48
  1.106208621061E-03  9.714641129360E-04      15   6   1    48
  9.315103683393E-04  8.738931243045E-04      10   9   9    24
  6.764390758916E-04  5.463656074125E-04      16   2   2    24
  1.108864137182E-03  9.555787574699E-04      14   8   2    48
  8.904992957554E-04  7.990996422844E-04      10  10   8    24
  8.855529302361E-04  6.758077964561E-04      16   3   1    48
  9.828196251028E-04  7.825529921211E-04      15   5   4    48
  1.098697000211E-03  9.182960059719E-04      13   9   4    48
  1.093114989104E-03  9.164577198448E-04      12  11   1    48
  1.186257328409E-03  1.014743788799E-03      11   9   8    48
  6.947135306759E-04  5.410862857524E-04      14   6   6    24
  8.194925934996E-04  5.727260402389E-04      15   6   3    48
  8.959495787557E-04  6.543281904019E-04      14   7   5    48
  9.150816238811E-04  6.783936504801E-04      13  10   1    48
  1.013052408043E-03  7.758191575880E-04      11  10   7    48
  4.522851013920E-04  2.674363551304E-04      16   4   0    24
  6.412692066403E-04  4.559035152738E-04      12   8   8    24
  3.904357982869E-04  1.990024514814E-04      16   3   3    24
  4.484246970971E-04  2.545490763833E-04      15   7   0    24
  7.580582181784E-04  4.832077879454E-04      12  11   3    48
  8.045321106233E-04  5.240828491831E-04      12   9   7    48
  4.624175951697E-04  1.866381184986E-04      16   4   2    48
  6.094939714901E-04  3.237701976659E-04      14   8   4    48
  4.482808122372E-04  1.618476806995E-04      15   7   2    48
  4.997634420599E-04  2.114022045968E-04      14   9   1    48
  5.415579587814E-04  2.478625613133E-04      13  10   3    48
  4.223939958102E-04  2.088697144211E-04      11  11   6    24
  4.852624885030E-04  1.799586518800E-04      12  10   6    48
  1.982654017383E-04 -7.183580503037E-05      16   5   1    48
  3.655422971069E-04  6.240555698715E-05      13   8   7    48
  9.090077787230E-05 -1.786908007559E-04      15   6   5    48
  1.285556294761E-04 -1.477349604744E-04      14   9   3    48
  1.674472749665E-04 -1.222931507192E-04      13   9   6    48
 -2.703690549109E-05 -1.966908790839E-04      16   4   4    24
  3.137747751287E-05 -1.031462412736E-04      12  12   0    12
 -1.193338454670E-04 -2.757397860543E-04      17   1   0    24
 -1.081004258147E-04 -3.332324367530E-04      16   5   3    48
 -7.016893489696E-05 -3.101819032142E-04      15   8   1    48
 -6.837015380025E-05 -3.110550649755E-04      15   7   4    48
 -1.774563103566E-05 -1.974910969741E-04      13  11   0    24
 -3.406272845214E-06 -2.697372621598E-04      12  11   5    48
 -1.218039843219E-04 -2.689258816260E-04      16   6   0    24
 -6.782156546975E-05 -2.386229205684E-04      12  12   2    24
 -2.805430772035E-04 -4.634648745005E-04      17   2   1    48
 -1.264659697856E-04 -2.845437208030E-04      14   7   7    24
 -1.708328714592E-04 -3.933571754795E-04      13  11   2    48
 -1.655079741477E-04 -3.951576566118E-04      13  10   5    48
 -2.823345244833E-04 -4.546552367432E-04      16   6   2    48
 -1.727441017966E-04 -3.115110658920E-04      14  10   0    24
 -2.426985401903E-04 -4.466521720488E-04      14   8   6    48
 -2.597739406839E-04 -3.598893268041E-04      17   3   0    24
 -3.134788777965E-04 -4.825160345943E-04      15   8   3    48
 -3.463707352644E-04 -5.032297856449E-04      14  10   2    48
 -1.369359745458E-04 -2.125749114791E-04      10  10  10     8
 -4.288627029788E-04 -5.283165617882E-04      17   3   2    48
 -3.899620660976E-04 -5.300995106339E-04      14   9   5    48
 -3.849877588700E-04 -5.464198761158E-04      11  10   9    48
 -2.975303930883E-04 -3.853397037805E-04      12  12   4    24
 -4.650560346318E-04 -5.232827856037E-04      17   4   1    48
 -4.442089831538E-04 -5.174675461145E-04      16   7   1    48
 -3.160647283292E-04 -3.685374725975E-04      16   5   5    24
 -3.162070210044E-04 -3.761669950849E-04      15   9   0    24
 -4.500760257809E-04 -5.510587374180E-04      13  11   4    48
 -3.244814326185E-04 -4.043986887760E-04      12   9   9    24
 -3.241657924114E-04 -4.046639592442E-04      11  11   8    24
 -4.603714333443E-04 -5.151342253149E-04      16   6   4    48
 -4.832162577408E-04 -5.730948864847E-04      12  10   8    48
 -4.762468509979E-04 -5.217216927223E-04      15   9   2    48
 -4.832564910167E-04 -5.309007755110E-04      15   7   6    48
 -4.905197521390E-04 -5.250610458669E-04      14  10   4    48
 -3.320712506570E-04 -3.214390689862E-04      17   5   0    24
 -4.705037186830E-04 -4.555114992095E-04      17   4   3    48
 -4.662497220458E-04 -4.673921815789E-04      16   7   3    48
 -4.868350517797E-04 -4.968015040290E-04      15   8   5    48
 -4.879307797813E-04 -5.043911322544E-04      13  12   1    48
 -5.109435118254E-04 -5.346143736849E-04      13   9   8    48
 -5.119725233501E-04 -5.370540963149E-04      12  11   7    48
 -4.438945079852E-04 -3.989681277057E-04      17   5   2    48
 -4.692780022846E-04 -4.496884516816E-04      14  11   1    48
 -4.976620982050E-04 -4.843570429223E-04      13  10   7    48
 -3.017800545965E-04 -2.715464214565E-04      16   8   0    24
 -4.334556001122E-04 -3.823298387886E-04      15   9   4    48
 -4.466445600131E-04 -4.002761610808E-04      13  12   3    48
 -3.850085691478E-04 -3.195299902359E-04      16   8   2    48
 -3.073884767601E-04 -2.653641287171E-04      14   8   8    24
 -3.126597412142E-04 -2.719310421041E-04      12  12   6    24
 -3.499271103257E-04 -2.617290540980E-04      17   6   1    48
 -3.788402374737E-04 -3.057716540793E-04      15  10   1    48
 -3.931048663671E-04 -3.223328938946E-04      14  11   3    48
 -4.081212795833E-04 -3.373398424183E-04      14   9   7    48
 -4.143102733555E-04 -3.447011670919E-04      13  11   6    48
 -2.377536956484E-04 -1.788497348788E-04      16   6   6    24
 -2.912781393874E-04 -1.896570721161E-04      17   5   4    48
 -3.058435892273E-04 -2.159111652122E-04      16   7   5    48
 -3.140495516240E-04 -2.186000707655E-04      14  10   6    48
 -2.260770329161E-04 -1.169266136212E-04      17   6   3    48
 -2.596645155321E-04 -1.596408824663E-04      15  10   3    48
 -2.085344892629E-04 -1.067674335382E-04      16   8   4    48
 -1.123670249898E-04 -3.369296852782E-05      17   7   0    24
 -1.726422104100E-04 -7.025859224019E-05      16   9   1    48
 -2.002164724768E-04 -9.312286962839E-05      15   8   7    48
 -1.001811468337E-04 -4.794687079469E-05      13  13   0    12
 -2.135925322175E-04 -1.065682435530E-04      13  12   5    48
 -1.152273800985E-04 -4.093213454576E-05      14  12   0    24
 -9.479685510373E-05  1.460654082620E-05      17   7   2    48
 -1.308408622078E-04 -2.339685637945E-05      15   9   6    48
 -1.385838971383E-04 -3.103907187070E-05      14  11   5    48
 -9.489641730258E-05 -2.007165765616E-05      13  13   2    24
 -1.161193856981E-04 -3.632433170695E-05      11  11  10    24
 -9.808902189324E-05  5.926659233654E-06      14  12   2    48
 -8.950572561665E-05 -1.037904000547E-05      12  10  10    24
 -4.855042569275E-05  4.962162979192E-05      16   9   3    48
 -4.187950519014E-05  2.930183630670E-05      15  11   0    24
 -9.061769654114E-05  1.908533094712E-05      12  11   9    48
  2.078130426702E-05  1.158066316356E-04      17   6   5    48
 -1.692381761885E-06  9.205118553428E-05      15  11   2    48
 -4.618226912865E-06  9.123933254929E-05      15  10   5    48
 -2.266672851520E-05  7.956299663569E-05      13  10   9    48
  5.143453832477E-06  7.406062344587E-05      12  12   8    24
  6.958486690952E-05  1.520918012369E-04      17   8   1    48
  6.945236014814E-05  1.526794252599E-04      17   7   4    48
  3.947859766006E-05  9.737209686142E-05      16   7   7    24
  3.022089939175E-05  9.163162303852E-05      13  13   4    24
  3.607913233936E-05  1.277581598811E-04      13  11   8    48
  5.565016862660E-05  1.077867558062E-04      16  10   0    24
  7.812758295889E-05  1.539891236509E-04      16   8   6    48
  6.849734433477E-05  1.486529059304E-04      14  12   4    48
  6.200098305117E-05  1.170353734777E-04      14   9   9    24
  1.156517782069E-04  1.770645700622E-04      16  10   2    48
  1.084565148534E-04  1.793154387688E-04      14  10   8    48
  1.415904999688E-04  1.969145262040E-04      17   8   3    48
  1.317707091004E-04  1.877704436140E-04      16   9   5    48
  1.288093745096E-04  1.880239076366E-04      15  11   4    48
  1.255576741653E-04  1.900962697583E-04      13  12   7    48
  1.535535704057E-04  1.979707215763E-04      14  13   1    48
  1.558387063056E-04  2.045673494905E-04      14  11   7    48
  1.260243259452E-04  1.443176549926E-04      17   9   0    24
  1.716527172652E-04  2.013941300424E-04      15  12   1    48
  1.761019133384E-04  2.089918037017E-04      15   9   8    48
  1.768379028662E-04  1.983111567339E-04      16  10   4    48
  1.850593661327E-04  1.973984466308E-04      17   9   2    48
  1.872922666204E-04  2.001684162413E-04      17   7   6    48
  1.858019205007E-04  2.045676448638E-04      15  10   7    48
  1.815942530254E-04  1.991208254322E-04      14  13   3    48
  1.311449049631E-04  1.453445480067E-04      13  13   6    24
  1.874479571283E-04  2.001642350268E-04      14  12   6    48
  1.863230514173E-04  1.864151138696E-04      17   8   5    48
  1.780931638034E-04  1.804013766617E-04      16  11   1    48
  1.828942018751E-04  1.872016582205E-04      15  12   3    48
  1.815821520306E-04  1.755234124631E-04      15  11   6    48
  1.221097850365E-04  1.132439852008E-04      16   8   8    24
  1.658582115319E-04  1.450612105878E-04      17   9   4    48
  1.615688499318E-04  1.441394805774E-04      16  11   3    48
  1.660664903087E-04  1.489596848327E-04      16   9   7    48
  1.284788618866E-04  1.185932284019E-04      12  11  11    24
  1.231289006361E-04  1.097515450528E-04      12  12  10    24
  1.470577895498E-04  1.185189306922E-04      17  10   1    48
  1.543826728310E-04  1.302431045417E-04      14  13   5    48
  1.649412275535E-04  1.416980621481E-04      13  11  10    48
  1.398018491609E-04  1.116452714009E-04      16  10   6    48
  6.963872264870E-05  5.582353037677E-05      14  14   0    12
  9.137804136519E-05  6.980436653567E-05      15  13   0    24
  1.337830207942E-04  1.029242288273E-04      15  12   5    48
  1.444160027173E-04  1.139829818132E-04      13  12   9    48
  8.453172707581E-05  6.127519745916E-05      14  14   2    24
  9.332422700932E-05  6.969561569991E-05      14  10  10    24
  1.057839800203E-04  6.725268039345E-05      17  10   3    48
  1.084313855852E-04  7.351335938443E-05      15  13   2    48
  1.200635479206E-04  8.440017276720E-05      14  11   9    48
  6.534881102309E-05  3.980708379687E-05      16  12   0    24
  8.496398535023E-05  4.358502195480E-05      17   8   7    48
  8.393200028341E-05  4.621995507605E-05      16  11   5    48
  6.786436826982E-05  4.051471346672E-05      13  13   8    24
  7.016198820812E-05  3.231060941344E-05      16  12   2    48
  8.262546285066E-05  4.295580334592E-05      14  12   8    48
  6.069414365114E-05  1.863584340832E-05      17   9   6    48
  6.931826693159E-05  2.904539816383E-05      15  10   9    48
  3.699362732636E-05  9.421332042248E-06      14  14   4    24
  2.505010180067E-05 -3.591674465746E-06      17  11   0    24
  4.088951892059E-05  2.138378341588E-06      15  13   4    48
  4.479088197005E-05  4.849740053026E-06      15  11   8    48
  1.419170762022E-05 -2.445292759379E-05      17  11   2    48
  1.503251403113E-05 -2.421290226470E-05      17  10   5    48
  2.216336568693E-05 -1.616010879656E-05      14  13   7    48
  6.203030641514E-06 -2.889064758717E-05      16  12   4    48
 -1.094024698133E-06 -2.567096447344E-05      16   9   9    24
  5.708313327456E-07 -3.509343074831E-05      15  12   7    48
 -1.097900825628E-05 -4.395784614101E-05      16  10   8    48
 -2.020323434348E-05 -5.016731978375E-05      15  14   1    48
 -3.757234020793E-05 -6.525953513010E-05      17  11   4    48
 -3.556662288876E-05 -6.071617935611E-05      16  13   1    48
 -3.516139339907E-05 -6.196529689965E-05      16  11   7    48
 -2.866825597042E-05 -4.655903086963E-05      14  14   6    24
 -4.682885497817E-05 -6.854494201748E-05      15  14   3    48
 -4.639791900119E-05 -6.949531326246E-05      15  13   6    48
 -2.103224519063E-05 -3.030395065170E-05      12  12  12     8
 -5.862089297341E-05 -7.583228641026E-05      17  12   1    48
 -5.963931250275E-05 -7.805330092766E-05      17   9   8    48
 -5.614625570320E-05 -7.249862584852E-05      16  13   3    48
 -5.652392815384E-05 -7.656042503884E-05      13  12  11    48
 -6.042129436848E-05 -7.536783405599E-05      16  12   6    48
 -6.643381733816E-05 -7.961566877505E-05      17  10   7    48
 -4.563703466420E-05 -5.598138678630E-05      14  11  11    24
 -4.547699556655E-05 -5.589374461303E-05      13  13  10    24
 -6.734964689259E-05 -7.937521681826E-05      14  12  10    48
 -6.877967687473E-05 -7.632017073414E-05      17  12   3    48
 -7.132542010466E-05 -7.474896379475E-05      17  11   6    48
 -6.857510202925E-05 -7.217773225061E-05      15  14   5    48
 -7.110645310822E-05 -7.585317260008E-05      15  11  10    48
 -7.128876002719E-05 -7.597870439570E-05      14  13   9    48
 -6.686848504149E-05 -6.605193412876E-05      16  13   5    48
 -3.359031423895E-05 -3.319370064235E-05      15  15   0    12
 -7.069193607962E-05 -7.103080349740E-05      15  12   9    48
 -4.604310126511E-05 -4.384729182197E-05      16  14   0    24
 -4.562020669075E-05 -4.257429245337E-05      15  15   2    24
 -6.145585484318E-05 -5.517042791588E-05      16  14   2    48
 -4.561126034230E-05 -4.162712604972E-05      16  10  10    24
 -4.631037822203E-05 -4.254237367297E-05      14  14   8    24
 -4.318841470947E-05 -3.734801296170E-05      17  13   0    24
 -6.185611063180E-05 -5.378948538091E-05      17  12   5    48
 -6.210606994353E-05 -5.491055830698E-05      16  11   9    48
 -6.297142465830E-05 -5.620573422257E-05      15  13   8    48
 -5.522194698680E-05 -4.437396514295E-05      17  13   2    48
 -5.248030502702E-05 -4.162652199080E-05      16  12   8    48
 -3.391229085866E-05 -2.550201802471E-05      15  15   4    24
 -4.304980981737E-05 -3.026617455058E-05      16  14   4    48
 -4.279992995616E-05 -2.834262697726E-05      17  10   9    48
 -4.132651745974E-05 -2.802831438253E-05      15  14   7    48
 -3.277507122591E-05 -1.751046263271E-05      17  13   4    48
 -3.436389773433E-05 -1.900554313257E-05      17  11   8    48
 -3.215149137372E-05 -1.802032633639E-05      16  13   7    48
 -1.699356670206E-05 -1.353758492493E-06      17  12   7    48
 -1.516862123134E-05 -1.606260144804E-06      16  15   1    48
 -1.388545676005E-05 -3.167991970592E-06      13  13  12    24
 -1.076069839643E-05 -9.962870860457E-08      14  12  12    24
 -8.573558948549E-06  5.767297278000E-06      17  14   1    48
 -6.612416743606E-06  3.540613318795E-06      15  15   6    24
 -1.119094804221E-05  3.604186367341E-06      14  13  11    48
 -4.687868224076E-06  9.058179124157E-06      16  14   6    48
 -1.533499408081E-06  1.089527068556E-05      16  15   3    48
 -3.477928460488E-06  1.050650790550E-05      15  12  11    48
  1.091837055977E-07  9.559411208487E-06      14  14  10    24
  4.575219930822E-06  1.701584583423E-05      17  14   3    48
  4.984476622142E-06  1.808318675661E-05      17  13   6    48
  3.272361491233E-06  1.601983543484E-05      15  13  10    48
  7.170693461081E-06  1.506618816070E-05      16  11  11    24
  1.259028810279E-05  2.293084441947E-05      16  12  10    48
  1.497732693588E-05  2.467244270453E-05      15  14   9    48
  1.798786503904E-05  2.532420313607E-05      16  15   5    48
  1.923297148171E-05  2.697143998249E-05      16  13   9    48
  2.179397696191E-05  2.811385332872E-05      17  14   5    48
  2.283247955893E-05  2.963146633537E-05      17  11  10    48
  1.214916395922E-05  1.402907531905E-05      16  16   0    12
  1.803537633681E-05  2.071185264003E-05      17  15   0    24
  2.522862462609E-05  3.009260028059E-05      17  12   9    48
  1.726896289542E-05  2.067473645030E-05      15  15   8    24
  1.798595360091E-05  1.955062162557E-05      16  16   2    24
  2.538688829225E-05  2.902403916402E-05      16  14   8    48
  2.647589620507E-05  2.862076568792E-05      17  15   2    48
  2.724191740939E-05  2.874702354471E-05      17  13   8    48
  1.735816564513E-05  1.605233175740E-05      16  16   4    24
  2.506605484382E-05  2.295171071340E-05      17  15   4    48
  2.358978349091E-05  2.230719625478E-05      16  15   7    48
  2.348237232245E-05  2.096301996752E-05      17  14   7    48
  1.731873964702E-05  1.563654333521E-05      14  13  13    24
  1.654539847861E-05  1.446194335671E-05      14  14  12    24
  2.228326537109E-05  1.897994085040E-05      15  13  12    48
  1.981545882749E-05  1.552402156345E-05      15  14  11    48
  1.289196591065E-05  9.684658506649E-06      16  12  12    24
  1.841915818064E-05  1.368582595588E-05      17  16   1    48
  1.683119401997E-05  1.189904460465E-05      16  13  11    48
  9.550426660632E-06  5.657465029268E-06      16  16   6    24
  1.336715606855E-05  7.504517352655E-06      17  15   6    48
  1.041407818517E-05  6.694522117139E-06      15  15  10    24
  1.289234596824E-05  7.378022124922E-06      16  14  10    48
  1.309724474373E-05  7.482192560253E-06      17  16   3    48
  1.188600685251E-05  5.964318207214E-06      17  12  11    48
  9.233998237286E-06  3.170591372185E-06      17  13  10    48
  5.312259043071E-06  8.271215562096E-08      16  15   9    48
  3.217313422410E-06 -2.334377553897E-06      17  14   9    48
  2.242884367007E-06 -3.260220310348E-06      17  16   5    48
 -3.132598686978E-06 -6.121659476344E-06      16  16   8    24
 -2.623541092552E-06 -4.039154233541E-06      17  17   0    12
 -4.845414410067E-06 -9.263129892826E-06      17  15   8    48
 -4.434246826861E-06 -6.083956297114E-06      17  17   2    24
 -3.059091775379E-06 -4.222545837785E-06      14  14  14     8
 -8.129601601807E-06 -1.070889875884E-05      15  14  13    48
 -5.615381928767E-06 -6.185694449177E-06      17  17   4    24
 -8.339643434327E-06 -1.085664925169E-05      17  16   7    48
 -6.567721203594E-06 -7.859203944593E-06      16  13  13    24
 -6.208090808936E-06 -7.718317674523E-06      15  15  12    24
 -9.331370379918E-06 -1.099696901239E-05      16  14  12    48
 -1.028620364168E-05 -1.121538376397E-05      17  13  12    48
 -9.348385719997E-06 -1.004706254933E-05      16  15  11    48
 -9.796025144542E-06 -1.009269748808E-05      17  14  11    48
 -6.989429953499E-06 -6.370068100682E-06      16  16  10    24
 -4.780504428031E-06 -3.931729974289E-06      17  17   6    24
 -9.968127804525E-06 -9.068880580223E-06      17  15  10    48
 -8.097440326328E-06 -6.663058403061E-06      17  16   9    48
 -8.520067522849E-07  5.122277656576E-07      17  17   8    24
 -1.799661778146E-06 -2.488073013901E-07      15  15  14    24
 -1.468488409598E-06  4.113739674950E-08      16  14  14    24
 -1.083302519119E-06  8.859676605614E-07      16  15  13    48
 -7.070461311224E-07  1.355229709095E-06      17  14  13    48
  3.811533471003E-07  1.785624542174E-06      16  16  12    24
  5.847612054121E-07  2.676817072268E-06      17  15  12    48
  8.789590353025E-07  2.621429946163E-06      17  16  11    48
  2.264818976732E-06  2.592944959776E-06      17  17  10    24
  2.094568278042E-06  1.809404231827E-06      16  15  15    24
  2.486469421124E-06  2.107972931095E-06      16  16  14    24
  3.391368388108E-06  2.773521453973E-06      17  15  14    48
  3.187666441222E-06  2.734002827206E-06      17  16  13    48
  9.039618057826E-07  3.174962076236E-07      17  17  12    24
 -7.605444774424E-07 -9.462375520466E-07      16  16  16     8
 -1.209003443089E-06 -1.642356049193E-06      17  16  15    48
 -9.252679437489E-07 -9.632504133257E-07      17  17  14    24
  5.362071839555E-07  6.992000545646E-07      17  17  16    24
