 format  1  0
dim                                     
                   3
crystal_system                          
             'cubic'
N_cell_param                            
                   1
cell_param                              
    2.0567575263E+00
group_name                              
          'I m -3 m'
N_monomer                               
                   2
N_star                                  
                 570
  2.500000000000E-01  7.500000000000E-01       0   0   0     1
  2.942495333512E-01 -2.942495404924E-01       1   1   0    12
  5.447765183772E-02 -5.447762849053E-02       2   0   0     6
 -1.781288522322E-02  1.781288688906E-02       2   1   1    24
 -3.657736915965E-02  3.657736536011E-02       2   2   0    12
 -4.613484279699E-02  4.613485634944E-02       3   1   0    24
 -1.943253987928E-02  1.943253036369E-02       2   2   2     8
 -2.327050445640E-02  2.327048945539E-02       3   2   1    48
 -1.431375753650E-03  1.431380139306E-03       4   0   0     6
  5.163995045587E-03 -5.163994549078E-03       4   1   1    24
  3.799639430847E-03 -3.799634562780E-03       3   3   0    12
  9.673012379521E-03 -9.673012187977E-03       4   2   0    24
  1.171634898518E-02 -1.171634530468E-02       3   3   2    24
  1.078650159665E-02 -1.078650125869E-02       4   2   2    24
  8.062867045410E-03 -8.062863662034E-03       5   1   0    24
  1.255402087173E-02 -1.255401537450E-02       4   3   1    48
  5.080552896069E-03 -5.080562633329E-03       5   2   1    48
  1.122564875590E-03 -1.122565155918E-03       4   4   0    12
 -3.387336292795E-04  3.387304153786E-04       5   3   0    24
 -3.075812075834E-04  3.075872082561E-04       4   3   3    24
 -8.496627549394E-04  8.496631270158E-04       6   0   0     6
 -1.703256558967E-03  1.703262845202E-03       4   4   2    24
 -2.478583128010E-03  2.478580796748E-03       6   1   1    24
 -3.652653783783E-03  3.652651702453E-03       5   3   2    48
 -2.889841212168E-03  2.889837515313E-03       6   2   0    24
 -4.430595588730E-03  4.430596102317E-03       5   4   1    48
 -2.836035970781E-03  2.836037586702E-03       6   2   2    24
 -3.525098620254E-03  3.525098989376E-03       6   3   1    48
 -1.272435662199E-03  1.272431436125E-03       4   4   4     8
 -1.327171108181E-03  1.327172303252E-03       7   1   0    24
 -1.117910827012E-03  1.117909809136E-03       5   5   0    12
 -2.302452881017E-03  2.302448684737E-03       5   4   3    48
 -1.006218253569E-03  1.006218795894E-03       6   4   0    24
 -5.876995492158E-04  5.877029964684E-04       7   2   1    48
 -5.242995948092E-04  5.242990565879E-04       6   3   3    24
 -5.527564684629E-04  5.527555420794E-04       5   5   2    24
 -1.213048011572E-04  1.213034175472E-04       6   4   2    48
  3.120269473382E-04 -3.120247972512E-04       7   3   0    24
  1.077056540799E-03 -1.077054668143E-03       7   3   2    48
  1.078827369592E-03 -1.078828470952E-03       6   5   1    48
  4.201280927260E-04 -4.201306009894E-04       8   0   0     6
  8.781245488582E-04 -8.781254200736E-04       8   1   1    24
  1.311201823900E-03 -1.311200536567E-03       7   4   1    48
  9.791323047887E-04 -9.791339695571E-04       5   5   4    24
  8.673238785820E-04 -8.673226512693E-04       8   2   0    24
  9.681703879638E-04 -9.681704130921E-04       6   4   4    24
  1.291254320030E-03 -1.291254020597E-03       6   5   3    48
  7.356423717660E-04 -7.356417984304E-04       8   2   2    24
  5.680978438053E-04 -5.680977669272E-04       6   6   0    12
  8.927887091227E-04 -8.927877745914E-04       8   3   1    48
  6.794261323657E-04 -6.794246358460E-04       7   5   0    24
  9.761507425754E-04 -9.761507033957E-04       7   4   3    48
  5.746487742747E-04 -5.746487775427E-04       6   6   2    24
  6.078104006741E-04 -6.078114786799E-04       7   5   2    48
  2.665817369580E-04 -2.665818238177E-04       8   4   0    24
  1.043738195365E-04 -1.043745518313E-04       9   1   0    24
  1.503707334010E-04 -1.503713494935E-04       8   3   3    24
  5.959633969767E-05 -5.959778540993E-05       8   4   2    48
 -1.072879691835E-04  1.072886046620E-04       9   2   1    48
 -5.982387152334E-05  5.982429170799E-05       7   6   1    48
 -3.584423123970E-05  3.584647661292E-05       6   5   5    24
 -1.252364626119E-04  1.252387833104E-04       6   6   4    24
 -2.032103772634E-04  2.032112832386E-04       9   3   0    24
 -2.783552315742E-04  2.783545901435E-04       8   5   1    48
 -2.781813821178E-04  2.781849250894E-04       7   5   4    48
 -3.875210238987E-04  3.875182899954E-04       9   3   2    48
 -4.004013497936E-04  4.004021914016E-04       7   6   3    48
 -3.002241460264E-04  3.002251000053E-04       8   4   4    24
 -4.124931265756E-04  4.124916055228E-04       9   4   1    48
 -4.312140808195E-04  4.312144325030E-04       8   5   3    48
 -2.143313392296E-04  2.143311107840E-04       7   7   0    12
 -1.318513311393E-04  1.318508215500E-04      10   0   0     6
 -2.944590705638E-04  2.944588246532E-04       8   6   0    24
 -2.467797178750E-04  2.467795482113E-04      10   1   1    24
 -2.848992660011E-04  2.848996330883E-04       7   7   2    24
 -2.239002472203E-04  2.239012738885E-04      10   2   0    24
 -3.652987790897E-04  3.652992877335E-04       8   6   2    48
 -2.171065770125E-04  2.171050967787E-04       9   5   0    24
 -3.098552115865E-04  3.098556023513E-04       9   4   3    48
 -1.663824057905E-04  1.663804038778E-04      10   2   2    24
 -1.214897592406E-04  1.214887573420E-04       6   6   6     8
 -1.899271921394E-04  1.899263654827E-04      10   3   1    48
 -2.156153443219E-04  2.156161232922E-04       9   5   2    48
 -2.428199841876E-04  2.428183423872E-04       7   6   5    48
 -1.254685458566E-04  1.254684964976E-04       8   7   1    48
 -9.341516893655E-05  9.341433532359E-05       8   5   5    24
 -9.515901778741E-05  9.515750005233E-05       7   7   4    24
 -3.938742330210E-05  3.938611257014E-05      10   4   0    24
 -8.214125933621E-05  8.213962475379E-05       8   6   4    48
 -1.121396172420E-05  1.121355426334E-05      10   3   3    24
 -2.790979288433E-05  2.790936506410E-05       9   6   1    48
  2.030173605954E-05 -2.030155124891E-05      10   4   2    48
  4.413839132349E-05 -4.413897158563E-05      11   1   0    24
  4.509949303050E-05 -4.510047343267E-05       9   5   4    48
  4.197320354281E-05 -4.197408111776E-05       8   7   3    48
  1.038192529158E-04 -1.038218122704E-04      11   2   1    48
  1.003619720294E-04 -1.003635858985E-04      10   5   1    48
  9.869724151571E-05 -9.869800418630E-05       9   6   3    48
  5.797699477308E-05 -5.797757783762E-05       8   8   0    12
  8.991914557356E-05 -8.992118694730E-05      11   3   0    24
  9.144243287499E-05 -9.144340990732E-05       9   7   0    24
  9.710290341792E-05 -9.710340779086E-05      10   4   4    24
  9.822535436330E-05 -9.822598664063E-05       8   8   2    24
  1.341855303162E-04 -1.341880614095E-04      11   3   2    48
  1.400871282898E-04 -1.400880469453E-04      10   5   3    48
  1.421349907568E-04 -1.421360720768E-04       9   7   2    48
  1.050476071853E-04 -1.050476347078E-04       7   7   6    24
  9.749054744888E-05 -9.749174372756E-05      10   6   0    24
  1.046095843930E-04 -1.046096128255E-04       8   6   6    24
  1.271047167508E-04 -1.271072041455E-04      11   4   1    48
  1.435858504567E-04 -1.435859113820E-04       8   7   5    48
  1.270665727559E-04 -1.270678798414E-04      10   6   2    48
  1.245980314531E-04 -1.245982175180E-04       9   6   5    48
  3.089125374766E-05 -3.089188012110E-05      12   0   0     6
  8.012559056074E-05 -8.012571785503E-05       8   8   4    24
  5.327470803067E-05 -5.327639351688E-05      12   1   1    24
  6.079963063664E-05 -6.080109354296E-05      11   5   0    24
  8.650285271414E-05 -8.650422366536E-05      11   4   3    48
  9.555844972916E-05 -9.555959929940E-05       9   8   1    48
  9.878500849200E-05 -9.878532558471E-05       9   7   4    48
  4.436621188460E-05 -4.436815371857E-05      12   2   0    24
  5.934131080609E-05 -5.934280866646E-05      11   5   2    48
  6.474440305292E-05 -6.474572800060E-05      10   7   1    48
  4.711725849862E-05 -4.711750946696E-05      10   5   5    24
  2.631899796269E-05 -2.632089362162E-05      12   2   2    24
  5.192821899794E-05 -5.192871451200E-05      10   6   4    48
  2.484472352014E-05 -2.484740913613E-05      12   3   1    48
  3.943343469293E-05 -3.943391310221E-05       9   8   3    48
  7.338678502993E-06 -7.340027073654E-06      11   6   1    48
  1.092537960291E-05 -1.092606254710E-05      10   7   3    48
 -5.600658632823E-06  5.599088399458E-06      12   4   0    24
 -1.195287433234E-05  1.195176418833E-05      12   3   3    24
 -1.351684554209E-05  1.351631791800E-05      11   5   4    48
 -5.549106556494E-06  5.548709962629E-06       9   9   0    12
 -6.487834794148E-06  6.487976679101E-06       8   7   7    24
 -2.470755660027E-05  2.470602318961E-05      12   4   2    48
 -1.472871108339E-05  1.472809755265E-05      10   8   0    24
 -1.375021597881E-05  1.375037235154E-05       8   8   6    24
 -2.974989689651E-05  2.974919241621E-05      11   6   3    48
 -2.007491306566E-05  2.007454920891E-05       9   9   2    24
 -2.826329147526E-05  2.826345902790E-05       9   7   6    48
 -3.522034421186E-05  3.521973291573E-05      10   8   2    48
 -2.900032277849E-05  2.899964886455E-05      13   1   0    24
 -4.082237723169E-05  4.082115929212E-05      12   5   1    48
 -2.860595097505E-05  2.860534018088E-05      11   7   0    24
 -4.091100696597E-05  4.091116230144E-05       9   8   5    48
 -3.187361867563E-05  3.187366785300E-05      10   6   6    24
 -4.443949300144E-05  4.443819734944E-05      13   2   1    48
 -4.647284942763E-05  4.647219822004E-05      11   7   2    48
 -4.770875845875E-05  4.770880190801E-05      10   7   5    48
 -3.307886305700E-05  3.307855197005E-05      12   4   4    24
 -3.121167701416E-05  3.121078103778E-05      13   3   0    24
 -4.658742180025E-05  4.658693622286E-05      12   5   3    48
 -3.499037472055E-05  3.499040707066E-05       9   9   4    24
 -3.201394450265E-05  3.201348522355E-05      12   6   0    24
 -4.856214786955E-05  4.856213108274E-05      10   8   4    48
 -4.084313033480E-05  4.084223374455E-05      13   3   2    48
 -4.618454493780E-05  4.618456537289E-05      11   6   5    48
 -4.583372385809E-05  4.583343021789E-05      10   9   1    48
 -4.120822187611E-05  4.120778895532E-05      12   6   2    48
 -3.519537527283E-05  3.519465028045E-05      13   4   1    48
 -3.979027416718E-05  3.978994324805E-05      11   8   1    48
 -4.063060870008E-05  4.063055257071E-05      11   7   4    48
 -3.380985650204E-05  3.380982656523E-05      10   9   3    48
 -1.308440445102E-05  1.308441977440E-05       8   8   8     8
 -1.428251979343E-05  1.428229725647E-05      13   5   0    24
 -2.028894188846E-05  2.028877138069E-05      13   4   3    48
 -2.273119888859E-05  2.273099248237E-05      12   7   1    48
 -1.638775049785E-05  1.638782529390E-05      12   5   5    24
 -2.459492158396E-05  2.459485976361E-05      11   8   3    48
 -2.729537945755E-05  2.729543432224E-05       9   8   7    48
 -4.566395693799E-06  4.566472245137E-06      14   0   0     6
 -1.888952949700E-05  1.888958793619E-05      12   6   4    48
 -6.546653428839E-06  6.546685901182E-06      14   1   1    24
 -1.228577334467E-05  1.228565613981E-05      13   5   2    48
 -1.246269549747E-05  1.246274277089E-05      10   7   7    24
 -1.258226925671E-05  1.258232849577E-05       9   9   6    24
 -4.055167679394E-06  4.055134500535E-06      14   2   0    24
 -5.819280132746E-06  5.819273603779E-06      10  10   0    12
 -1.306630057922E-05  1.306637981416E-05      10   8   6    48
 -6.559976404589E-06  6.559993692196E-06      12   7   3    48
 -5.158818323760E-06  5.158796525569E-06      11   9   0    24
  5.141767527793E-07 -5.142212691155E-07      14   2   2    24
 -2.720474490438E-06  2.720503406506E-06      10  10   2    24
  3.594267260675E-06 -3.594322506312E-06      14   3   1    48
  1.892289497977E-06 -1.892276764726E-06      13   6   1    48
 -3.051288941399E-08  3.054032142675E-08      11   9   2    48
 -4.430430749777E-07  4.431377143764E-07      11   7   6    48
 -7.646414727327E-07  7.647306737709E-07      10   9   5    48
  2.692009859944E-06 -2.692012742005E-06      12   8   0    24
  7.401393479058E-06 -7.401212553953E-06      13   5   4    48
  6.015386099697E-06 -6.015297687062E-06      11   8   5    48
  7.390328125259E-06 -7.390304989784E-06      14   4   0    24
  9.057283207737E-06 -9.057232365317E-06      12   8   2    48
  8.581762786070E-06 -8.581698534943E-06      14   3   3    24
  1.161786820157E-05 -1.161771970197E-05      13   6   3    48
  1.348455724954E-05 -1.348445323703E-05      14   4   2    48
  9.236667434230E-06 -9.236575258788E-06      12   6   6    24
  9.068501182940E-06 -9.068438440057E-06      10  10   4    24
  1.018804753331E-05 -1.018798142173E-05      13   7   0    24
  1.450073076554E-05 -1.450061421742E-05      12   7   5    48
  1.440120970591E-05 -1.440112490190E-05      11   9   4    48
  1.570783951269E-05 -1.570770256622E-05      14   5   1    48
  1.600205286016E-05 -1.600192811990E-05      13   7   2    48
  1.612709593639E-05 -1.612700770835E-05      11  10   1    48
  1.673182133554E-05 -1.673172779343E-05      12   8   4    48
  1.066902752993E-05 -1.066885638442E-05      15   1   0    24
  1.660063471139E-05 -1.660055164556E-05      12   9   1    48
  1.251410214413E-05 -1.251404881032E-05       9   9   8    24
  1.102847255650E-05 -1.102834601283E-05      14   4   4    24
  1.243818073981E-05 -1.243813175327E-05      10   8   8    24
  1.405798185979E-05 -1.405781384444E-05      15   2   1    48
  1.508110226175E-05 -1.508093422017E-05      14   5   3    48
  1.594118853668E-05 -1.594105773084E-05      13   6   5    48
  1.642801313130E-05 -1.642792941782E-05      11  10   3    48
  1.721246827521E-05 -1.721240056177E-05      10   9   7    48
  1.012993140398E-05 -1.012983630564E-05      14   6   0    24
  8.773089907793E-06 -8.772991802999E-06      15   3   0    24
  1.423429438924E-05 -1.423419880870E-05      13   8   1    48
  1.444445377108E-05 -1.444434713662E-05      13   7   4    48
  1.483649599884E-05 -1.483641840549E-05      12   9   3    48
  1.568949497008E-05 -1.568943969546E-05      11   8   7    48
  1.254876454063E-05 -1.254862825195E-05      14   6   2    48
  1.042161790098E-05 -1.042157450783E-05      10  10   6    24
  1.033007089711E-05 -1.032994937354E-05      15   3   2    48
  1.353338407896E-05 -1.353333150065E-05      11   9   6    48
  7.981341036631E-06 -7.981232503733E-06      15   4   1    48
  9.884442318706E-06 -9.884367900505E-06      13   8   3    48
  7.588900105292E-06 -7.588875923481E-06      12   7   7    24
  5.132676189369E-06 -5.132641998665E-06      11  11   0    12
  6.244013228972E-06 -6.243967548234E-06      12  10   0    24
  9.353121131802E-06 -9.353089325946E-06      12   8   6    48
  6.523642084423E-06 -6.523557000343E-06      14   7   1    48
  4.681530564858E-06 -4.681469820779E-06      14   5   5    24
  5.434204754937E-06 -5.434163374837E-06      11  11   2    24
  8.111051737481E-06 -8.111006847093E-06      11  10   5    48
  5.329868639096E-06 -5.329792671854E-06      14   6   4    48
  6.219804330937E-06 -6.219750897205E-06      12  10   2    48
  2.227534768762E-06 -2.227481297438E-06      15   5   0    24
  3.163254177105E-06 -3.163171507600E-06      15   4   3    48
  3.205944820672E-06 -3.205904576435E-06      13   9   0    24
  5.152287451293E-06 -5.152261169393E-06      12   9   5    48
  9.304335844881E-07 -9.303694794547E-07      15   5   2    48
  1.660573722619E-06 -1.660523441260E-06      14   7   3    48
  2.087835035394E-06 -2.087792693460E-06      13   9   2    48
  2.242608277429E-06 -2.242603548544E-06      13   7   6    48
 -2.725382822840E-07  2.725602333704E-07      16   0   0     6
 -1.144557045833E-06  1.144592885410E-06      16   1   1    24
 -7.176592035129E-08  7.176716907456E-08      13   8   5    48
  1.281093195664E-07 -1.280906818445E-07      11  11   4    24
 -1.688775742537E-06  1.688805090458E-06      16   2   0    24
 -1.020272621483E-06  1.020299363674E-06      14   8   0    24
 -9.379528769839E-07  9.379697838988E-07      12  10   4    48
 -2.694909940240E-06  2.694940886457E-06      15   6   1    48
 -1.152146915897E-06  1.152152429401E-06      10   9   9    24
 -2.601465226845E-06  2.601484360308E-06      16   2   2    24
 -3.065674933409E-06  3.065696833729E-06      14   8   2    48
 -1.827839381395E-06  1.827843110704E-06      10  10   8    24
 -4.194907576737E-06  4.194928106525E-06      16   3   1    48
 -4.005267496658E-06  4.005284515403E-06      15   5   4    48
 -3.607958641951E-06  3.607955623983E-06      13   9   4    48
 -3.533110546371E-06  3.533128785706E-06      12  11   1    48
 -3.430109754835E-06  3.430111693122E-06      11   9   8    48
 -3.072491730466E-06  3.072477527430E-06      14   6   6    24
 -4.935295261808E-06  4.935301445231E-06      15   6   3    48
 -4.832368916476E-06  4.832348135357E-06      14   7   5    48
 -4.733758923261E-06  4.733773229402E-06      13  10   1    48
 -4.744572358155E-06  4.744570119173E-06      11  10   7    48
 -3.696992330396E-06  3.696995276958E-06      16   4   0    24
 -3.707279705280E-06  3.707273311168E-06      12   8   8    24
 -3.828661919312E-06  3.828664949919E-06      16   3   3    24
 -3.877537170174E-06  3.877539985091E-06      15   7   0    24
 -5.496993185052E-06  5.496993942501E-06      12  11   3    48
 -5.608954704965E-06  5.608944044733E-06      12   9   7    48
 -5.515593954879E-06  5.515593362849E-06      16   4   2    48
 -5.714459935434E-06  5.714438888662E-06      14   8   4    48
 -5.728668300195E-06  5.728662090704E-06      15   7   2    48
 -5.767248794633E-06  5.767253552481E-06      14   9   1    48
 -5.873914826878E-06  5.873907099734E-06      13  10   3    48
 -4.270474575146E-06  4.270467882635E-06      11  11   6    24
 -6.106082317463E-06  6.106068454719E-06      12  10   6    48
 -5.402046544834E-06  5.402036163320E-06      16   5   1    48
 -6.062773252572E-06  6.062750004727E-06      13   8   7    48
 -5.391833807095E-06  5.391804113825E-06      15   6   5    48
 -5.525837888301E-06  5.525820295679E-06      14   9   3    48
 -5.794855432327E-06  5.794832455345E-06      13   9   6    48
 -3.393067637915E-06  3.393057725224E-06      16   4   4    24
 -2.690487829320E-06  2.690484571486E-06      12  12   0    12
 -3.128083743098E-06  3.128082118782E-06      17   1   0    24
 -4.502631235544E-06  4.502615553620E-06      16   5   3    48
 -4.800280237060E-06  4.800271799522E-06      15   8   1    48
 -4.853714610882E-06  4.853686328341E-06      15   7   4    48
 -3.594930086633E-06  3.594926131209E-06      13  11   0    24
 -5.326654273840E-06  5.326636992893E-06      12  11   5    48
 -2.942449190465E-06  2.942439528373E-06      16   6   0    24
 -3.416049199481E-06  3.416040795098E-06      12  12   2    24
 -3.658398766581E-06  3.658392705211E-06      17   2   1    48
 -3.161605963665E-06  3.161586126446E-06      14   7   7    24
 -4.450519795165E-06  4.450507826292E-06      13  11   2    48
 -4.593046878456E-06  4.593026042665E-06      13  10   5    48
 -3.446415355840E-06  3.446399097913E-06      16   6   2    48
 -2.775356434125E-06  2.775353153396E-06      14  10   0    24
 -4.079143829089E-06  4.079117197347E-06      14   8   6    48
 -2.002291678423E-06  2.002285310481E-06      17   3   0    24
 -3.380770828027E-06  3.380749027148E-06      15   8   3    48
 -3.137211679521E-06  3.137199743622E-06      14  10   2    48
 -1.512838207968E-06  1.512812412746E-06      10  10  10     8
 -1.989052964777E-06  1.989044972205E-06      17   3   2    48
 -2.802813824252E-06  2.802792161058E-06      14   9   5    48
 -3.228780095530E-06  3.228725127147E-06      11  10   9    48
 -1.756216601545E-06  1.756203887670E-06      12  12   4    24
 -1.164521352639E-06  1.164513090805E-06      17   4   1    48
 -1.465163961177E-06  1.465153503315E-06      16   7   1    48
 -1.049459204828E-06  1.049444063537E-06      16   5   5    24
 -1.199202592217E-06  1.199198321530E-06      15   9   0    24
 -2.019700273774E-06  2.019683041372E-06      13  11   4    48
 -1.598431539351E-06  1.598402644094E-06      12   9   9    24
 -1.610047253545E-06  1.610016419391E-06      11  11   8    24
 -1.095263642065E-06  1.095243416331E-06      16   6   4    48
 -1.797684382039E-06  1.797647248823E-06      12  10   8    48
 -9.095123546446E-07  9.095009576070E-07      15   9   2    48
 -9.529474380037E-07  9.529279719319E-07      15   7   6    48
 -6.908715774469E-07  6.908574388405E-07      14  10   4    48
  2.126538333451E-07 -2.126564268472E-07      17   5   0    24
  2.998669109052E-07 -2.998730578644E-07      17   4   3    48
 -2.285467566944E-08  2.283941354976E-08      16   7   3    48
 -1.993829924247E-07  1.993673369086E-07      15   8   5    48
 -3.292261177555E-07  3.292140978508E-07      13  12   1    48
 -4.735073306841E-07  4.734841781557E-07      13   9   8    48
 -5.017152461616E-07  5.016871420382E-07      12  11   7    48
  8.985475364826E-07 -8.985513889178E-07      17   5   2    48
  3.917838092113E-07 -3.917927048726E-07      14  11   1    48
  2.660286917373E-07 -2.660480041818E-07      13  10   7    48
  6.046890871514E-07 -6.046926298433E-07      16   8   0    24
  1.022481417632E-06 -1.022490039078E-06      15   9   4    48
  9.273448868937E-07 -9.273566228855E-07      13  12   3    48
  1.309579910765E-06 -1.309587707897E-06      16   8   2    48
  8.404473948334E-07 -8.404535933335E-07      14   8   8    24
  8.145394398192E-07 -8.145515688835E-07      12  12   6    24
  1.763988932653E-06 -1.763987487245E-06      17   6   1    48
  1.461379953672E-06 -1.461385468255E-06      15  10   1    48
  1.415423363765E-06 -1.415431074359E-06      14  11   3    48
  1.415579888343E-06 -1.415587293846E-06      14   9   7    48
  1.392137668480E-06 -1.392150775536E-06      13  11   6    48
  1.178059471592E-06 -1.178065955298E-06      16   6   6    24
  2.032436361872E-06 -2.032441904849E-06      17   5   4    48
  1.798623871197E-06 -1.798631544528E-06      16   7   5    48
  1.908959249335E-06 -1.908963300429E-06      14  10   6    48
  2.183025827374E-06 -2.183028756973E-06      17   6   3    48
  2.000466737034E-06 -2.000469300912E-06      15  10   3    48
  2.035327817298E-06 -2.035331671603E-06      16   8   4    48
  1.573507587142E-06 -1.573505629914E-06      17   7   0    24
  2.047691612598E-06 -2.047696177885E-06      16   9   1    48
  2.141850841922E-06 -2.141848369023E-06      15   8   7    48
  1.044687211094E-06 -1.044690979501E-06      13  13   0    12
  2.140468932284E-06 -2.140474939461E-06      13  12   5    48
  1.485911012346E-06 -1.485915563231E-06      14  12   0    24
  2.188092915851E-06 -2.188093113249E-06      17   7   2    48
  2.148868015472E-06 -2.148863965474E-06      15   9   6    48
  2.150887739210E-06 -2.150888268507E-06      14  11   5    48
  1.496495992579E-06 -1.496499766758E-06      13  13   2    24
  1.595854816912E-06 -1.595849362037E-06      11  11  10    24
  2.080318926529E-06 -2.080322874892E-06      14  12   2    48
  1.582499428949E-06 -1.582493200099E-06      12  10  10    24
  1.963442949626E-06 -1.963443780406E-06      16   9   3    48
  1.423637487945E-06 -1.423640419488E-06      15  11   0    24
  2.194024332474E-06 -2.194015310101E-06      12  11   9    48
  1.900508070844E-06 -1.900511324484E-06      17   6   5    48
  1.874881754914E-06 -1.874882802648E-06      15  11   2    48
  1.917152814872E-06 -1.917147349674E-06      15  10   5    48
  2.044580870023E-06 -2.044570454389E-06      13  10   9    48
  1.378335679968E-06 -1.378329294708E-06      12  12   8    24
  1.650164284945E-06 -1.650166731982E-06      17   8   1    48
  1.664546219186E-06 -1.664547932351E-06      17   7   4    48
  1.157867836403E-06 -1.157864461281E-06      16   7   7    24
  1.228215761770E-06 -1.228215755816E-06      13  13   4    24
  1.833577576950E-06 -1.833567843485E-06      13  11   8    48
  1.042739688747E-06 -1.042743075837E-06      16  10   0    24
  1.517230201879E-06 -1.517224965572E-06      16   8   6    48
  1.603116382183E-06 -1.603114805949E-06      14  12   4    48
  1.100695694491E-06 -1.100688125590E-06      14   9   9    24
  1.228262454474E-06 -1.228263784133E-06      16  10   2    48
  1.417191304892E-06 -1.417181092839E-06      14  10   8    48
  1.106489263531E-06 -1.106490736927E-06      17   8   3    48
  1.119999514805E-06 -1.119993904745E-06      16   9   5    48
  1.184300709041E-06 -1.184296088844E-06      15  11   4    48
  1.290779860656E-06 -1.290771652165E-06      13  12   7    48
  8.883479788484E-07 -8.883492144639E-07      14  13   1    48
  9.745878167719E-07 -9.745792756984E-07      14  11   7    48
  3.658725517818E-07 -3.658774524236E-07      17   9   0    24
  5.948337919466E-07 -5.948347618215E-07      15  12   1    48
  6.578194110260E-07 -6.578107171484E-07      15   9   8    48
  4.294720258708E-07 -4.294679999863E-07      16  10   4    48
  2.467855696582E-07 -2.467898965048E-07      17   9   2    48
  2.575258822326E-07 -2.575258325803E-07      17   7   6    48
  3.753348332196E-07 -3.753273611465E-07      15  10   7    48
  3.505360472305E-07 -3.505343629744E-07      14  13   3    48
  2.840007148215E-07 -2.839964451877E-07      13  13   6    24
  2.543385940444E-07 -2.543328037768E-07      14  12   6    48
  1.844993744122E-09 -1.844804657523E-09      17   8   5    48
  4.616149027672E-08 -4.616357547410E-08      16  11   1    48
  8.615511567636E-08 -8.615320598930E-08      15  12   3    48
 -1.211591231649E-07  1.211639217262E-07      15  11   6    48
 -1.773049704395E-07  1.773080048849E-07      16   8   8    24
 -4.159380704419E-07  4.159370350491E-07      17   9   4    48
 -3.485867440203E-07  3.485876301547E-07      16  11   3    48
 -3.421215020324E-07  3.421252563637E-07      16   9   7    48
 -1.976722444454E-07  1.976867085290E-07      12  11  11    24
 -2.675102953445E-07  2.675225639472E-07      12  12  10    24
 -5.707867852985E-07  5.707807832876E-07      17  10   1    48
 -4.827854288358E-07  4.827879119732E-07      14  13   5    48
 -4.648156613841E-07  4.648301273656E-07      13  11  10    48
 -5.631207432837E-07  5.631227847382E-07      16  10   6    48
 -2.763071550259E-07  2.763073414006E-07      14  14   0    12
 -4.314778952195E-07  4.314778987382E-07      15  13   0    24
 -6.171689569898E-07  6.171701754819E-07      15  12   5    48
 -6.086232751192E-07  6.086334748797E-07      13  12   9    48
 -4.651343138663E-07  4.651345966874E-07      14  14   2    24
 -4.725479966483E-07  4.725534062182E-07      14  10  10    24
 -7.706314765722E-07  7.706282048734E-07      17  10   3    48
 -6.983651142764E-07  6.983650327558E-07      15  13   2    48
 -7.132381835892E-07  7.132444433306E-07      14  11   9    48
 -5.108422073717E-07  5.108416994257E-07      16  12   0    24
 -8.275758186631E-07  8.275737505452E-07      17   8   7    48
 -7.542373391921E-07  7.542368072825E-07      16  11   5    48
 -5.469788139567E-07  5.469820323053E-07      13  13   8    24
 -7.570354185087E-07  7.570346219772E-07      16  12   2    48
 -7.933760305101E-07  7.933791092952E-07      14  12   8    48
 -8.411644767110E-07  8.411618163832E-07      17   9   6    48
 -8.054410611982E-07  8.054420660084E-07      15  10   9    48
 -5.514481631888E-07  5.514477030978E-07      14  14   4    24
 -5.728473658889E-07  5.728449077338E-07      17  11   0    24
 -7.750253657313E-07  7.750238764924E-07      15  13   4    48
 -7.988127408071E-07  7.988125979003E-07      15  11   8    48
 -7.729056145817E-07  7.729023421932E-07      17  11   2    48
 -7.849112269248E-07  7.849075777101E-07      17  10   5    48
 -7.664651822637E-07  7.664654162099E-07      14  13   7    48
 -7.018774357269E-07  7.018751469634E-07      16  12   4    48
 -4.915366243300E-07  4.915352616293E-07      16   9   9    24
 -7.132836317038E-07  7.132821176128E-07      15  12   7    48
 -6.595752484231E-07  6.595731111432E-07      16  10   8    48
 -5.992904799825E-07  5.992896917684E-07      15  14   1    48
 -5.537517475777E-07  5.537481914759E-07      17  11   4    48
 -5.029989773992E-07  5.029984753688E-07      16  13   1    48
 -5.360801427544E-07  5.360777010873E-07      16  11   7    48
 -3.578180256313E-07  3.578173437929E-07      14  14   6    24
 -4.343283433612E-07  4.343266614122E-07      15  14   3    48
 -4.619518042477E-07  4.619500063858E-07      15  13   6    48
 -1.854359851773E-07  1.854316279398E-07      12  12  12     8
 -3.442388075833E-07  3.442381598776E-07      17  12   1    48
 -3.682852863021E-07  3.682832510412E-07      17   9   8    48
 -3.270528071257E-07  3.270512356854E-07      16  13   3    48
 -4.007364451231E-07  4.007266636355E-07      13  12  11    48
 -2.989354023500E-07  2.989333133283E-07      16  12   6    48
 -2.636433169581E-07  2.636414668892E-07      17  10   7    48
 -2.068935807272E-07  2.068878218444E-07      14  11  11    24
 -2.083411533873E-07  2.083353353973E-07      13  13  10    24
 -2.405212680829E-07  2.405138029675E-07      14  12  10    48
 -1.508176844491E-07  1.508166358550E-07      17  12   3    48
 -6.847755985414E-08  6.847662831415E-08      17  11   6    48
 -7.205697917857E-08  7.205667237416E-08      15  14   5    48
 -9.494531432976E-08  9.493966719434E-08      15  11  10    48
 -9.380855824474E-08  9.380311911543E-08      14  13   9    48
  1.632759148249E-08 -1.632791388362E-08      16  13   5    48
  7.930932475555E-09 -7.931037250157E-09      15  15   0    12
 -6.787754032823E-09  6.783265921051E-09      15  12   9    48
  4.391581933362E-08 -4.391536629729E-08      16  14   0    24
  6.091663142978E-08 -6.091642205524E-08      15  15   2    24
  1.257082226043E-07 -1.257073159330E-07      16  14   2    48
  7.967613805753E-08 -7.967819020436E-08      16  10  10    24
  7.535489598799E-08 -7.535662863492E-08      14  14   8    24
  1.168069795379E-07 -1.168053173988E-07      17  13   0    24
  1.613278009699E-07 -1.613265568725E-07      17  12   5    48
  1.439014163900E-07 -1.439038025163E-07      16  11   9    48
  1.353060439638E-07 -1.353083652234E-07      15  13   8    48
  2.169585336351E-07 -2.169559486010E-07      17  13   2    48
  2.170688115954E-07 -2.170698927346E-07      16  12   8    48
  1.682048380772E-07 -1.682033973477E-07      15  15   4    24
  2.556733342318E-07 -2.556711127244E-07      16  14   4    48
  2.891400391486E-07 -2.891393534258E-07      17  10   9    48
  2.659602230432E-07 -2.659598449539E-07      15  14   7    48
  3.052924476830E-07 -3.052886616408E-07      17  13   4    48
  3.071623129154E-07 -3.071608967544E-07      17  11   8    48
  2.826203198213E-07 -2.826196501255E-07      16  13   7    48
  3.127942498621E-07 -3.127918274271E-07      17  12   7    48
  2.712520788504E-07 -2.712491833023E-07      16  15   1    48
  2.143401286813E-07 -2.143422370664E-07      13  13  12    24
  2.132121728250E-07 -2.132135248282E-07      14  12  12    24
  2.868228318517E-07 -2.868181586254E-07      17  14   1    48
  2.030608463005E-07 -2.030593971817E-07      15  15   6    24
  2.958909053480E-07 -2.958921605172E-07      14  13  11    48
  2.749224305905E-07 -2.749204082450E-07      16  14   6    48
  2.485795559610E-07 -2.485764301401E-07      16  15   3    48
  2.796782392242E-07 -2.796782505290E-07      15  12  11    48
  1.889998640732E-07 -1.889995006024E-07      14  14  10    24
  2.488176835136E-07 -2.488133087457E-07      17  14   3    48
  2.619764378947E-07 -2.619735005521E-07      17  13   6    48
  2.549432856869E-07 -2.549427071886E-07      15  13  10    48
  1.579067994383E-07 -1.579059709209E-07      16  11  11    24
  2.068086680440E-07 -2.068075836454E-07      16  12  10    48
  1.939039239972E-07 -1.939024255819E-07      15  14   9    48
  1.467311007729E-07 -1.467298876637E-07      16  15   5    48
  1.547721213118E-07 -1.547712101035E-07      16  13   9    48
  1.264030154030E-07 -1.264011953245E-07      17  14   5    48
  1.359818951670E-07 -1.359806711488E-07      17  11  10    48
  3.760101340690E-08 -3.760019414816E-08      16  16   0    12
  5.353422887205E-08 -5.353238454140E-08      17  15   0    24
  9.728362524811E-08 -9.728260811797E-08      17  12   9    48
  6.811996720340E-08 -6.811935394100E-08      15  15   8    24
  3.129688634360E-08 -3.129625323302E-08      16  16   2    24
  7.274976763466E-08 -7.274931609456E-08      16  14   8    48
  4.290342510792E-08 -4.290176044089E-08      17  15   2    48
  3.010810143984E-08 -3.010747937421E-08      17  13   8    48
 -2.611378166603E-08  2.611278628248E-08      16  16   4    24
 -4.228185769495E-08  4.228115075377E-08      17  15   4    48
 -2.564707776012E-08  2.564625001841E-08      16  15   7    48
 -5.038209683837E-08  5.038231032671E-08      17  14   7    48
 -3.362368800627E-08  3.362904578209E-08      14  13  13    24
 -4.165031889812E-08  4.165468852933E-08      14  14  12    24
 -6.604395364873E-08  6.604888297160E-08      15  13  12    48
 -8.581282466790E-08  8.581681006581E-08      15  14  11    48
 -6.413708123443E-08  6.413906634118E-08      16  12  12    24
 -9.466394614874E-08  9.466204453570E-08      17  16   1    48
 -9.863321797235E-08  9.863580325915E-08      16  13  11    48
 -7.785939521538E-08  7.785845255774E-08      16  16   6    24
 -1.172515610477E-07  1.172518538019E-07      17  15   6    48
 -7.438897188162E-08  7.439240432386E-08      15  15  10    24
 -1.102841346729E-07  1.102876480149E-07      16  14  10    48
 -1.122996278236E-07  1.122980322953E-07      17  16   3    48
 -1.184301163177E-07  1.184345351216E-07      17  12  11    48
 -1.212663021219E-07  1.212707612945E-07      17  13  10    48
 -1.045940812966E-07  1.045984518823E-07      16  15   9    48
 -1.110330531446E-07  1.110372348585E-07      17  14   9    48
 -1.100639142186E-07  1.100650570562E-07      17  16   5    48
 -5.978275616229E-08  5.978354217066E-08      16  16   8    24
 -2.831320700438E-08  2.831301004806E-08      17  17   0    12
 -8.835338036796E-08  8.835538482999E-08      17  15   8    48
 -3.299552493224E-08  3.299582880526E-08      17  17   2    24
 -2.328833756892E-08  2.328954436053E-08      14  14  14     8
 -5.161667497748E-08  5.161937757742E-08      15  14  13    48
 -1.140735729735E-08  1.140692383520E-08      17  17   4    24
 -5.034190355477E-08  5.034035145157E-08      17  16   7    48
 -2.583705015363E-08  2.583628453573E-08      16  13  13    24
 -3.021046414536E-08  3.021084476263E-08      15  15  12    24
 -3.331595869119E-08  3.331363950832E-08      16  14  12    48
 -1.857725302663E-08  1.856862351835E-08      17  13  12    48
 -1.397212521600E-08  1.396552957324E-08      16  15  11    48
 -5.931255544015E-09  5.920829470815E-09      17  14  11    48
  1.237876880707E-08 -1.238680496562E-08      16  16  10    24
  1.697240309984E-08 -1.697795142477E-08      17  17   6    24
  1.797588040222E-08 -1.798875578566E-08      17  15  10    48
  2.867258631333E-08 -2.868261151663E-08      17  16   9    48
  2.728024868757E-08 -2.728311836900E-08      17  17   8    24
  3.099618310828E-08 -3.101190672933E-08      15  15  14    24
  3.016502460179E-08 -3.017333472952E-08      16  14  14    24
  3.933999607444E-08 -3.934388380491E-08      16  15  13    48
  4.120158277075E-08 -4.119666430688E-08      17  14  13    48
  2.807993533674E-08 -2.807712678902E-08      16  16  12    24
  4.182206603586E-08 -4.181606633054E-08      17  15  12    48
  3.486595809918E-08 -3.486646135044E-08      17  16  11    48
  6.561837201852E-09 -6.568098907457E-09      17  17  10    24
 -5.510461525976E-09  5.471413970806E-09      16  15  15    24
 -7.447655023498E-09  7.415592420590E-09      16  16  14    24
 -1.221536330495E-08  1.219758718762E-08      17  15  14    48
 -9.060896740113E-09  9.053689096061E-09      17  16  13    48
 -1.172059564308E-08  1.179684474306E-08      17  17  12    24
 -3.966604830202E-09  4.169856474985E-09      16  16  16     8
 -8.838151514863E-09  9.336136557831E-09      17  16  15    48
 -7.439125806057E-10  6.158914668998E-10      17  17  14    24
  2.014507107466E-09 -4.417202012449E-09      17  17  16    24
